-181.387	-0	-0	
-133.191	-0	-0	
-114.33	-0	-0	
-99.3651	-0	-0	
-91.5288	-0	-0	
-54.9425	-0	-0	
-41.2638	-0	-0	
-36.8246	-0	-0	
-22.5813	-0	-0	
-5.831	-0	-0	
-0.627004	-0	-0	
-0.558989	-0	-0	
-0.549409	-0.00565123	-0.00474992	
-0.517708	-0	-0.0414296	
-0.517637	-0.00276786	-0.0389704	
-0.515596	-0.00550898	-0.0380076	
-0.512891	-0.0025455	-0.043646	
-0.511179	-0.00378351	-0.0441193	
-0.499729	-0.0573636	-0.00228279	
-0.499131	-0.0570162	-0.00318844	
-0.498585	-0.0592041	-0.00159071	
-0.494887	-0.0645049	-0	
-0.484931	-0.0262473	-0.0482494	
-0.481595	-0.0308807	-0.0466893	
-0.480444	-0.0314327	-0.0472898	
-0.477585	-0	-0.0819876	
-0.461219	-0.0343312	-0.064929	
-0.457812	-0.0346627	-0.068082	
-0.457798	-0.0349893	-0.0677418	
-0.457508	-0.0381705	-0.064745	
-0.456214	-0.0380663	-0.0663883	
-0.456184	-0.0442234	-0.0586949	
-0.455774	-0.0367232	-0.0680302	
-0.454842	-0.0642092	-0.0401648	
-0.454281	-0.00536274	-0.0999571	
-0.451775	-0.104308	-0.0033078	
-0.451046	-0.103882	-0.00445622	
-0.448593	-0.112255	-0	
-0.444391	-0.0285117	-0.0862626	
-0.441771	-0	-0.117685	
-0.441673	-0.0639733	-0.0534847	
-0.440943	-0.000286825	-0.118181	
-0.437569	-0.0370386	-0.0843928	
-0.437277	-0.00335119	-0.118733	
-0.436956	-0.123803	-0	
-0.433825	-0.078441	-0.0467707	
-0.43379	-0.184937	-0	
-0.433064	-0.00188902	-0.124219	
-0.432031	-0.0381773	-0.0887015	
-0.430502	-0.0378373	-0.0905686	
-0.427322	-0.0101304	-0.121694	
-0.421092	-0.0803585	-0.0575738	
-0.421047	-0.0808332	-0.0571417	
-0.42084	-0.0807131	-0.0574659	
-0.420551	-0.0395413	-0.0988206	
-0.420171	-0.0399059	-0.0988371	
-0.419827	-0.0796356	-0.059546	
-0.41921	-0.0420387	-0.0976774	
-0.416372	-0.190202	-0.00398593	
-0.415765	-0	-0.143351	
-0.415047	-0.017653	-0.126602	
-0.414956	-0.0879268	-0.0561547	
-0.413881	-0.122865	-0.022649	
-0.413625	-0.0871137	-0.0582968	
-0.495196	-0.0216177	-0.0424529	
-0.451331	-0.104048	-0.00400747	
-0.411883	-0.0686014	-0.0801162	
-0.411869	-0.127513	-0.0204556	
-0.410915	-0.124781	-0.0237004	
-0.410676	-0.0716352	-0.0783484	
-0.409782	-0.124915	-0.0246902	
-0.408942	-0.0207265	-0.130749	
-0.408535	-0.0214104	-0.13047	
-0.408238	-0.0733811	-0.07904	
-0.406756	-0.0237241	-0.129906	
-0.405732	-0	-0.153824	
-0.405658	-0.020272	-0.133119	
-0.40455	-0.0380336	-0.117971	
-0.403869	-0	-0.155683	
-0.403153	-0.102501	-0.053876	
-0.402244	-0.00483291	-0.152474	
-0.40204	-0.147403	-0.010637	
-0.401526	-0.0708249	-0.0866226	
-0.401484	-0.0717012	-0.0858643	
-0.401427	-0.111894	-0.0463316	
-0.400465	-0.112319	-0.0468658	
-0.400129	-0.00475223	-0.154614	
-0.399219	-0.00341389	-0.156888	
-0.398571	-0.113032	-0.0480605	
-0.397979	-0.112961	-0.0487193	
-0.390769	-0.114011	-0.0549926	
-0.420887	-0.0806099	-0.0575249	
-0.389787	-0	-0.169315	
-0.389185	-0.00189029	-0.168005	
-0.389051	-0.240944	-0	
-0.388375	-0.121817	-0.049463	
-0.388	-0.0717058	-0.0992423	
-0.387951	-0.119509	-0.0521596	
-0.387693	-0.0714774	-0.0997734	
-0.387152	-0.0353967	-0.138803	
-0.387147	-0.119607	-0.0529195	
-0.385112	-0.0392062	-0.137004	
-0.384958	-0	-0.174657	
-0.444746	-0.0315737	-0.0828497	
-0.421505	-0.0801655	-0.057351	
-0.384789	-0.000486116	-0.174338	
-0.384683	-0.115105	-0.0617324	
-0.381008	-0.164664	-0.0142558	
-0.380889	-0.130568	-0.0476701	
-0.379278	-0.1166	-0.0635508	
-0.379088	-0.164831	-0.0159495	
-0.378838	-0.118398	-0.0622275	
-0.378601	-0.165993	-0.0153242	
-0.378303	-0.16305	-0.0186233	
-0.376822	-0.119729	-0.0629083	
-0.376119	-0.0397541	-0.146141	
-0.376017	-0.114875	-0.0685583	
-0.37522	-0.115288	-0.0689397	
-0.375205	-0.115434	-0.0688112	
-0.375001	-0.115649	-0.0687989	
-0.373896	-0.115982	-0.0695706	
-0.373061	-0.116452	-0.0699114	
-0.373045	-0.116736	-0.0696538	
-0.370302	-0.0438457	-0.146282	
-0.370169	-0.12243	-0.0667506	
-0.367104	-0.0941436	-0.0983276	
-0.407503	-0.0178546	-0.133718	
-0.365852	-0.126432	-0.06824	
-0.387039	-0.0716024	-0.100301	
-0.365452	-0.054889	-0.139227	
-0.36542	-0.0340885	-0.161064	
-0.364393	-0.0519191	-0.14334	
-0.363639	-0.180921	-0.0153313	
-0.363225	-0.251893	-0	
-0.363147	-0.251841	-0.000132509	
-0.407322	-0.131032	-0.0210134	
-0.362941	-0.251537	-0.000484086	
-0.362531	-0.0564045	-0.140595	
-0.362061	-0.106506	-0.09082	
-0.361782	-0.0487454	-0.149781	
-0.36153	-0.0296512	-0.169195	
-0.358059	-0.135575	-0.0677181	
-0.357884	-0.0312693	-0.171224	
-0.352371	-0.146987	-0.0625657	
-0.352213	-0.13977	-0.0693514	
-0.352005	-0.0333716	-0.17448	
-0.351031	-0.159427	-0.0491673	
-0.350974	-0.00748411	-0.202736	
-0.350934	-0.154062	-0.057074	
-0.350621	-0.139941	-0.0707039	
-0.350616	-0.139942	-0.0707082	
-0.348104	-0.0368395	-0.174893	
-0.346876	-0.0346024	-0.17836	
-0.346823	-0.141938	-0.0724122	
-0.34532	-0.0923184	-0.123022	
-0.342718	-0.272184	-0	
-0.341831	-0.160459	-0.0596119	
-0.341826	-0.160462	-0.0596143	
-0.341823	-0.160723	-0.05934	
-0.341768	-0.199928	-0.0280076	
-0.341267	-0.216116	-0.00255195	
-0.340399	-0.149233	-0.0715192	
-0.340398	-0.14925	-0.0715035	
-0.338543	-0.155177	-0.0684793	
-0.338387	-0.204202	-0.027578	
-0.335614	-0.0335123	-0.19021	
-0.335238	-0.217536	-0.00712694	
-0.335087	-0.209692	-0.0177486	
-0.334891	-0.218143	-0.00687054	
-0.333687	-0.218454	-0.00775642	
-0.333674	-0.211761	-0.0172265	
-0.333601	-0.151433	-0.0804448	
-0.333524	-0.0848051	-0.151442	
-0.331388	-0.0378658	-0.190052	
-0.330671	-0.0938882	-0.136212	
-0.330489	-0.0386244	-0.190186	
-0.330029	-0.0376764	-0.191597	
-0.328331	-0.173645	-0.0576579	
-0.327395	-0.171572	-0.0606467	
-0.326944	-0.0729484	-0.166129	
-0.324681	-0.179158	-0.0557734	
-0.323792	-0.21796	-0.0238859	
-0.323298	-0.177108	-0.0591964	
-0.321665	-0.232097	-0.00637211	
-0.320836	-0.0888805	-0.149708	
-0.319542	-0.134181	-0.107342	
-53.8386	-0	-0	
-0.328399	-0.173553	-0.0576812	
-0.319401	-0.134638	-0.10699	
-0.319359	-0.133145	-0.108555	
-0.362925	-0.251656	-0.000418427	
-0.319291	-0.0320903	-0.208683	
-0.318927	-0.0319319	-0.209222	
-0.318215	-0.0902565	-0.150954	
-0.316693	-0.125782	-0.118081	
-0.31668	-0.096721	-0.145928	
-0.315697	-0.0929296	-0.153634	
-0.315257	-0.136645	-0.109082	
-0.314843	-0.243653	-0.00177801	
-0.313214	-0.00891946	-0.237029	
-0.394335	-0.134174	-0.0308058	
-0.311961	-0.140153	-0.108855	
-0.311381	-0.139127	-0.110717	
-0.512123	-0.00296526	-0.0439948	
-0.311373	-0.0339218	-0.214996	
-0.430256	-0.0069627	-0.121931	
-0.311229	-0	-0.248002	
-0.310497	-0.13277	-0.117502	
-0.310376	-0.138207	-0.112455	
-0.310105	-0.13912	-0.112019	
-0.310032	-0.232387	-0.0176063	
-0.309623	-0.204727	-0.0501563	
-0.308657	-0.136368	-0.115846	
-0.308512	-0.0230609	-0.227543	
-0.308178	-0.295386	-0.00130979	
-0.307742	-0.207416	-0.0504781	
-133.082	-0	-0	
-0.3075	-0.137713	-0.115908	
-0.306711	-0.207486	-0.0454339	
-0.306381	-0.138715	-0.115799	
-0.465689	-0.0384872	-0.0549358	
-0.41892	-0.178197	-0.00386305	
-0.308691	-0.0794808	-0.17278	
-0.304007	-0.0782973	-0.177636	
-0.351895	-0.140167	-0.0692782	
-0.303795	-0.193072	-0.063852	
-0.303647	-0.0787917	-0.177507	
-0.459975	-0.033281	-0.0672738	
-0.303104	-0.129678	-0.128005	
-0.302659	-0.0783402	-0.178933	
-0.430275	-0.00314871	-0.125734	
-0.302537	-0.0224529	-0.234873	
-0.30157	-0.0819159	-0.176483	
-0.300964	-0.290188	-0.00924171	
-3.60061	-0	-0	
-0.299828	-0.200618	-0.0616348	
-0.29944	-0.00117472	-0.258558	
-0.297887	-0.309314	-0.000613496	
-0.297881	-0.204741	-0.0581897	
-0.374028	-0.16422	-0.0217219	
-0.297841	-0.201203	-0.0630354	
-0.29672	-0.0293395	-0.233731	
-0.296088	-0.0787279	-0.185103	
-0.295032	-0.223853	-0.0408273	
-0.29285	-0.0799806	-0.187047	
-0.395755	-0.0225971	-0.14277	
-0.292552	-0.0304845	-0.236377	
-0.292293	-0.0313423	-0.235776	
-0.292212	-0.0829681	-0.18639	
-0.417017	-0.188593	-0.00474675	
-0.318303	-0.0891795	-0.151893	
-0.291546	-0.0807033	-0.18763	
-0.291148	-0.0806823	-0.188031	
-0.289314	-0.212393	-0.0588484	
-0.289059	-0.220566	-0.0511817	
-0.289024	-0.20731	-0.0637265	
-0.287493	-0.206807	-0.0657434	
-0.28746	-0.206815	-0.0657685	
-0.287154	-0.20747	-0.0654201	
-0.284887	-0.192486	-0.0823289	
-0.513694	-0.00188561	-0.0435035	
-0.280848	-0.185252	-0.0934735	
-0.280242	-0.245989	-0.0333374	
-0.279965	-0.245753	-0.0338042	
-0.279411	-0.0295625	-0.249938	
-0.277636	-0.133351	-0.150151	
-0.276873	-0.0129048	-0.269973	
-0.275679	-0.0283348	-0.254881	
-0.274876	-0.240535	-0.0442925	
-0.407699	-0.101299	-0.0508758	
-0.273897	-0.128843	-0.158389	
-0.352919	-0.112543	-0.0941137	
-0.273658	-0.123742	-0.163115	
-0.273521	-0.125241	-0.161656	
-0.27319	-0.12892	-0.159001	
-0.273025	-0.190191	-0.0963549	
-0.273024	-0.125849	-0.161577	
-0.364645	-0.145886	-0.0488004	
-0.27262	-0.126256	-0.162234	
-0.367894	-0.0627677	-0.129745	
-0.272559	-0.129534	-0.159031	
-0.271651	-0.117408	-0.174142	
-0.31655	-0.0967622	-0.146018	
-0.270081	-0.265022	-0.0261307	
-0.269176	-0.116308	-0.17762	
-0.268871	-0.158769	-0.14258	
-0.268831	-0.159217	-0.14187	
-0.268802	-0.126029	-0.165513	
-0.267849	-0.191421	-0.101202	
-0.267678	-0.184606	-0.108305	
-0.293867	-0.0298544	-0.235692	
-0.267639	-0.0192902	-0.272736	
-0.267577	-0.12061	-0.174824	
-0.267303	-0.121819	-0.171303	
-0.267096	-0.192169	-0.101207	
-0.332655	-0.0968416	-0.131188	
-0.266976	-0.264859	-0.0293662	
-0.266466	-0.186404	-0.106833	
-0.36816	-0.124936	-0.0662135	
-0.265482	-0.188056	-0.106194	
-0.26544	-0.125913	-0.168978	
-0.265436	-0.19461	-0.100087	
-0.265003	-0.188882	-0.105855	
-0.264004	-0.0940378	-0.203277	
-0.451074	-0.103885	-0.00442573	
-0.273417	-0.123681	-0.163428	
-0.267246	-0.121992	-0.171183	
-0.26396	-0.131086	-0.165984	
-0.263954	-0.190631	-0.105113	
-0.263775	-0.190137	-0.105788	
-0.263719	-0.107692	-0.192594	
-0.497757	-0.0590701	-0.00253951	
-0.262176	-0.166111	-0.132368	
-0.262158	-0.132535	-0.166335	
-0.261676	-0.17128	-0.1277	
-0.260348	-0.115443	-0.188039	
-0.440833	-0	-0.118579	
-0.260086	-0.116361	-0.187229	
-0.503375	-0	-0.0557692	
-0.259829	-0.103261	-0.200631	
-0.259305	-0.106017	-0.197854	
-0.258965	-0.0977638	-0.204534	
-0.258361	-0.169812	-0.132482	
-0.258147	-0.296318	-0.00506014	
-0.30435	-0.0780246	-0.177565	
-0.257676	-0.0887607	-0.21347	
-0.257533	-0.0140106	-0.287518	
-0.465692	-0.0455399	-0.0508055	
-0.257488	-0.102956	-0.204391	
-0.256346	-0.299348	-0.00385897	
-0.256197	-0.0890886	-0.214727	
-0.256157	-0.0894473	-0.214301	
-0.253851	-0.116429	-0.197171	
-0.278621	-0.134974	-0.147606	
-0.252988	-0.156701	-0.151523	
-0.252868	-0.163734	-0.143172	
-0.252587	-0.177841	-0.12909	
-0.252463	-0.181371	-0.126851	
-0.252119	-0.163872	-0.143786	
-0.251147	-0.179261	-0.129097	
-0.25114	-0.164578	-0.143941	
-0.41471	-0.125206	-0.0195035	
-0.251073	-0.248232	-0.0607996	
-0.308591	-0.0205312	-0.230007	
-0.251061	-0.29154	-0.0192355	
-0.251016	-0.163583	-0.145048	
-0.250514	-0.0989983	-0.210368	
-0.250274	-0.291094	-0.0204578	
-0.249927	-0.189366	-0.123827	
-0.249535	-0.268626	-0.0432558	
-0.291145	-0.208426	-0.0611729	
-0.249136	-0.0866043	-0.224135	
-0.249114	-0.0875892	-0.223189	
-240.649	-0	-0	
-0.249112	-0.0875969	-0.223183	
-0.248835	-0.0867743	-0.224271	
-0.248165	-0.298232	-0.0132314	
-0.247837	-0.165892	-0.145892	
-0.278244	-0.186871	-0.0944569	
-0.247712	-0.311584	-0.000241849	
-0.36738	-0.126193	-0.0657364	
-0.331618	-0.0925849	-0.136565	
-0.247608	-0.17888	-0.133087	
-0.247579	-0.0883511	-0.223976	
-0.247297	-0.294551	-0.0230249	
-0.302352	-0.284455	-0.0120724	
-0.247121	-0.0879538	-0.224832	
-0.246851	-0.156883	-0.156985	
-0.246221	-0.312269	-0.000903531	
-0.245824	-0.166587	-0.147205	
-0.245367	-0.312315	-0.00172562	
-0.245206	-0.29694	-0.0174268	
-25.7501	-0	-0	
-0.244024	-0.302336	-0.0132289	
-0.432771	-0	-0.126418	
-0.243849	-0.288478	-0.0294741	
-0.243396	-0.163086	-0.154183	
-0.249535	-0.165591	-0.144525	
-0.243017	-0.312951	-0.0033923	
-0.242715	-0.0195853	-0.296766	
-0.408939	-0.0215299	-0.129946	
-0.245868	-0.298673	-0.0150533	
-0.242463	-0.172656	-0.144317	
-0.242441	-0.166703	-0.150489	
-0.259544	-0.143402	-0.157792	
-0.242279	-0.300071	-0.0171685	
-0.242062	-0.081576	-0.23622	
-0.241771	-0.312393	-0.00522147	
-0.241716	-0.16123	-0.157792	
-0.240617	-0	-0.319837	
-0.240313	-0.28914	-0.0322872	
-0.239902	-0.228779	-0.0912959	
-0.239527	-0.250976	-0.0704516	
-0.238412	-0.0371696	-0.283411	
-0.238335	-0.258764	-0.063913	
-0.237848	-0.258579	-0.0655268	
-0.2376	-0.139178	-0.18642	
-0.242181	-0.248238	-0.0704267	
-0.237164	-0.258212	-0.0665612	
-0.414155	-0.0869025	-0.0579787	
-0.235638	-0.0875324	-0.236106	
-0.235133	-0.305151	-0.0215265	
-0.234915	-0.305118	-0.0217732	
-0.234914	-0.305199	-0.0216973	
-0.234834	-0.252384	-0.0724068	
-0.234817	-0.263117	-0.0633071	
-0.234273	-0.0483057	-0.276119	
-0.234202	-0.0450277	-0.279464	
-0.233483	-0.256391	-0.0707954	
-0.315015	-0.0987483	-0.145579	
-0.232245	-0.0828772	-0.244915	
-0.231829	-0.0836085	-0.244596	
-0.231721	-0.159364	-0.168646	
-0.231597	-0.20736	-0.12248	
-0.406404	-0	-0.153152	
-0.231473	-0.206753	-0.12321	
-0.28188	-0.155949	-0.122843	
-0.230777	-0.207136	-0.123497	
-0.230457	-0.265313	-0.0649008	
-0.229239	-0.263684	-0.0678515	
-0.228513	-0.182997	-0.14944	
-0.312439	-0.0282921	-0.219698	
-0.228241	-0.00284987	-0.329642	
-0.22819	-0.0840715	-0.247817	
-0.228176	-0.265365	-0.067183	
-0.228109	-0.265023	-0.0675974	
-0.226272	-0.00528633	-0.328872	
-0.454976	-0.0642184	-0.0400207	
-0.225685	-0.337768	-0	
-0.410593	-0.124785	-0.0240164	
-0.2253	-0.251095	-0.088479	
-0.224957	-0.252778	-0.0870915	
-0.347138	-0.154407	-0.0576553	
-0.22425	-0.0783571	-0.257702	
-0.224136	-0.162351	-0.174109	
-0.223966	-0.0747662	-0.260547	
-0.223877	-0.0413318	-0.293499	
-0.222585	-0.0746898	-0.262005	
-0.221421	-0.351232	-0	
-0.22062	-0.315171	-0.0283615	
-0.217746	-0.32801	-0.0249613	
-0.267153	-0.190046	-0.10249	
-0.21699	-0.333981	-0.0106239	
-0.215955	-0	-0.344693	
-0.215947	-4.5065e-05	-0.344654	
-0.215909	-0.232004	-0.114147	
-0.215158	-0.0868514	-0.259136	
-0.258788	-0.138296	-0.163598	
-0.215018	-0.00795604	-0.337578	
-0.214467	-0.157222	-0.188508	
-0.545003	-0.0083336	-0.0064582	
-0.32643	-0.181212	-0.0519838	
-0.214275	-0.211255	-0.136443	
-0.213941	-0.341967	-0.0034823	
-0.213747	-0.342591	-0.00305243	
-0.432886	-0.0719097	-0.0542201	
-0.383285	-0.110989	-0.0669263	
-0.352392	-0.195693	-0.0225835	
-0.26979	-0.192778	-0.0976992	
-0.213558	-0.0230419	-0.322869	
-0.213528	-0.160906	-0.185326	
-0.212757	-0.157903	-0.189559	
-0.212401	-0.0841457	-0.264532	
-0.357122	-0.0742654	-0.129018	
-0.212398	-0.0841332	-0.264548	
-0.21176	-0.210283	-0.139263	
-0.211397	-0.17549	-0.17309	
-0.210977	-0.316436	-0.0322452	
-0.481941	-0.0308992	-0.0463251	
-0.210732	-0.167769	-0.18149	
-0.21073	-0.202643	-0.147801	
-0.210392	-0.0587899	-0.291544	
-0.518822	-0	-0.0403197	
-0.209932	-0.0578887	-0.292923	
-0.209895	-0.225528	-0.125215	
-0.209222	-0.00276829	-0.348651	
-0.209171	-0.301603	-0.0502333	
-0.2082	-0.228548	-0.123889	
-0.51765	-0	-0.0414905	
-0.207861	-0.0583217	-0.294541	
-0.20785	-0.344778	-0.00656703	
-0.207828	-0.345867	-0.00552485	
-0.207573	-0.0607492	-0.29237	
-0.422692	-0.0807994	-0.0555376	
-0.207448	-0.299502	-0.0538461	
-0.429227	-0.0529999	-0.0769079	
-0.252482	-0.0207123	-0.285872	
-0.207187	-0.0609104	-0.292591	
-0.207175	-0.16689	-0.186042	
-0.362803	-0.0573448	-0.139385	
-0.207161	-0.058659	-0.294898	
-0.207152	-0.229677	-0.123832	
-0.238564	-0.251764	-0.0706311	
-0.206977	-0.166608	-0.186514	
-0.226195	-0.241366	-0.0947643	
-0.206975	-0.300495	-0.0533596	
-0.206899	-0.22216	-0.132396	
-0.206865	-0.349247	-0.00307708	
-0.206074	-0.344962	-0.00812372	
-0.258767	-0.00603406	-0.294242	
-0.206035	-0.299571	-0.0551616	
-0.295148	-0.141751	-0.123686	
-0.205812	-0.0897534	-0.265522	
-0.238521	-0.258807	-0.0636842	
-0.205781	-0.348842	-0.00459661	
-0.205351	-0.221368	-0.134791	
-0.360393	-0.0518151	-0.148063	
-0.205059	-0.306916	-0.0491138	
-0.202967	-0.33706	-0.0229027	
-0.298648	-0.0821377	-0.179186	
-0.201972	-0.234547	-0.124108	
-0.2014	-0.136001	-0.222452	
-0.200973	-0.132833	-0.226064	
-0.279911	-0.2453	-0.0343089	
-0.200943	-0.132269	-0.226657	
-0.200516	-0.226481	-0.13461	
-0.210347	-0.343005	-0.00584276	
-0.200359	-0.00265942	-0.357953	
-0.199592	-0.268571	-0.0930753	
-0.199013	-0.0758259	-0.28468	
-0.198392	-0.077995	-0.283125	
-0.198371	-0.0764542	-0.284683	
-0.228823	-0.258395	-0.072406	
-0.198341	-0.0869218	-0.276977	
-0.300103	-0.289073	-0.0106303	
-0.197111	-0.0910928	-0.272285	
-0.196719	-0.162923	-0.199113	
-0.421805	-0.0453022	-0.0917989	
-0.419549	-0.0429301	-0.0964426	
-0.196108	-0.2634	-0.101031	
-0.196078	-0.300999	-0.0639227	
-0.196002	-0.267291	-0.0969957	
-0.19578	-0.263904	-0.100837	
-0.195703	-0.307582	-0.0576445	
-0.195604	-0.307141	-0.0581689	
-0.195168	-0.264948	-0.100432	
-0.195166	-0.263639	-0.101732	
-0.194701	-0.136413	-0.228801	
-0.194675	-0.235019	-0.130787	
-0.386722	-0	-0.172899	
-0.19398	-0.311618	-0.0554722	
-0.19389	-0.279039	-0.0871179	
-0.193072	-0.315467	-0.0525574	
-159.119	-0	-0	
-0.192705	-0.297672	-0.0709314	
-0.19204	-0.218122	-0.150774	
-0.191773	-0.333821	-0.0469213	
-0.331194	-0.0360592	-0.192053	
-0.191121	-0.0919643	-0.276449	
-0.19064	-0.221858	-0.148295	
-0.190488	-0.077197	-0.291789	
-0.189977	-0.222019	-0.148878	
-0.188856	-0.302637	-0.0698921	
-0.27359	-0.191829	-0.0941722	
-0.217765	-0.175038	-0.167312	
-0.188815	-0.133363	-0.237773	
-0.188806	-0.131928	-0.239225	
-0.188542	-0.130749	-0.240673	
-0.187566	-0.140768	-0.231608	
-0.187356	-0.140507	-0.232084	
-0.187056	-0.226716	-0.14644	
-0.186719	-0.35389	-0.0332331	
-0.186539	-0.227535	-0.146822	
-0.224481	-0.133967	-0.20191	
-0.1865	-0.231599	-0.151728	
-0.185601	-0.28476	-0.0897001	
-0.185404	-0.285599	-0.0890601	
-0.185081	-0.066191	-0.308205	
-0.34566	-0.164592	-0.0486438	
-0.337892	-0.218368	-0.00390659	
-0.272812	-0.241079	-0.0458067	
-0.183468	-0.23583	-0.141707	
-0.183398	-0.184261	-0.194098	
-0.182807	-0.288772	-0.0898601	
-0.182523	-0.362057	-0.029288	
-0.41548	-0.190132	-0.00474324	
-0.364277	-0.146794	-0.0482594	
-0.182433	-0.289242	-0.0897691	
-0.181611	-0.363802	-0.0285671	
-0.181509	-0.0603259	-0.317484	
-0.25457	-0.179906	-0.126206	
-0.234938	-0.291693	-0.0341641	
-0.181486	-0.248538	-0.130677	
-0.181464	-0.189611	-0.190584	
-0.181455	-0.0598491	-0.318024	
-0.181446	-0.0635176	-0.31436	
-0.181408	-0.364	-0.0284048	
-0.181236	-0.0768858	-0.301413	
-0.181185	-0.0721014	-0.306225	
-0.181107	-0.255513	-0.135134	
-0.181075	-0.0646208	-0.313808	
-0.280131	-0.0270131	-0.251771	
-0.180823	-0.0503193	-0.329185	
-42.7753	-0	-0	
-0.180594	-0.131506	-0.247967	
-0.180234	-0.274173	-0.105275	
-0.179776	-0.0481354	-0.332439	
-0.179684	-0.242922	-0.137219	
-0.221556	-0.319068	-0.0236924	
-0.179585	-0.212575	-0.168324	
-0.178772	-0.346881	-0.0345562	
-0.24246	-0.16672	-0.150453	
-0.178712	-0.344163	-0.0509742	
-0.228452	-0.158212	-0.173999	
-0.178571	-0.292363	-0.0906086	
-0.223935	-0.162164	-0.174497	
-0.178541	-0.347541	-0.0341331	
-0.178253	-0.347352	-0.034607	
-0.178115	-0.191533	-0.192065	
-0.178001	-0.189654	-0.194568	
-0.177812	-0.174562	-0.20916	
-0.344445	-0.139972	-0.0766151	
-0.177749	-0.346746	-0.0357207	
-0.177047	-0.18767	-0.196942	
-0.232521	-0.0837061	-0.243804	
-0.176944	-0.0475575	-0.335801	
-0.176412	-0.192943	-0.19238	
-0.176319	-0.0104571	-0.373986	
-0.176253	-0.010275	-0.374236	
-0.175389	-0.128404	-0.256893	
-0.174532	-0.192985	-0.194585	
-0.370444	-0.173508	-0.0159624	
-0.174399	-0.276347	-0.10932	
-0.174218	-0.192878	-0.195053	
-0.174083	-0.187309	-0.200597	
-0.287926	-0.206911	-0.0651929	
-0.174045	-0.192969	-0.195142	
-0.173782	-0.188056	-0.200169	
-0.173524	-0.193283	-0.195304	
-0.172784	-0.348251	-0.039181	
-0.172762	-0.296628	-0.0905237	
-0.172116	-0.17685	-0.212622	
-0.303384	-0.0797775	-0.176804	
-0.171964	-0.192304	-0.19801	
-0.315634	-0.136383	-0.108964	
-0.171122	-0.0116724	-0.377936	
-0.17036	-0.192365	-0.198691	
-0.170193	-0.071671	-0.31789	
-0.170072	-0.0716216	-0.318064	
-0.170023	-0.197914	-0.193795	
-0.169783	-0.117609	-0.273273	
-0.169261	-0.26976	-0.130553	
-0.169181	-0.0657027	-0.324823	
-0.168686	-0.0718456	-0.319241	
-0.168675	-0.0718223	-0.319276	
-0.332138	-0.0363829	-0.190783	
-0.299895	-0.199935	-0.062248	
-0.16825	-0.301524	-0.0899669	
-0.167738	-0.178919	-0.215666	
-0.167687	-0	-0.391928	
-0.167521	-0.273444	-0.129474	
-0.167493	-0	-0.392127	
-0.16693	-0	-0.392964	
-0.378568	-0.165936	-0.0154122	
-0.166877	-0.302248	-0.0909803	
-0.262125	-0.0885237	-0.209165	
-0.166585	-0.303627	-0.0895245	
-0.288989	-0.233117	-0.0389721	
-0.166105	-0.297703	-0.0959841	
-0.165694	-0.00266282	-0.391435	
-0.165671	-0.00279549	-0.391323	
-0.165614	-0.00253702	-0.391644	
-0.165609	-0.297858	-0.0963238	
-0.384343	-0.0676156	-0.107677	
-0.363237	-0.0564482	-0.139845	
-0.16541	-0.0437204	-0.351489	
-0.16536	-0.00135074	-0.393107	
-0.164646	-0.363306	-0.031639	
-0.163619	-0.249493	-0.146056	
-0.162488	-0.299308	-0.0981547	
-0.175803	-0.0129559	-0.37199	
-0.16162	-0.257583	-0.141831	
-0.161514	-0.299356	-0.09908	
-0.161396	-0.299604	-0.0989494	
-0.160249	-0.360918	-0.0384222	
-0.195585	-0.211838	-0.152807	
-0.159959	-0.0535183	-0.345949	
-0.256126	-0.0890693	-0.214817	
-0.158681	-0.0968156	-0.306007	
-0.15822	-0.0457374	-0.356734	
-0.15697	-0.396167	-0.00746991	
-0.163046	-0.250793	-0.145446	
-0.156955	-0.332754	-0.0696784	
-0.413614	-0.123112	-0.02267	
-0.156487	-0.36265	-0.0403759	
-0.155964	-0.363882	-0.0396503	
-0.157669	-0.163991	-0.238847	
-0.155573	-0.045645	-0.359502	
-0.155347	-0.309253	-0.0955078	
-0.382377	-0.11945	-0.0571986	
-0.15507	-0.0427717	-0.362917	
-0.154839	-0.310129	-0.0951075	
-0.44747	-0.0290322	-0.082665	
-0.154411	-0.0439418	-0.362395	
-0.252501	-0.181285	-0.126898	
-0.15419	-0.0440555	-0.362508	
-0.154142	-0.191011	-0.215207	
-0.313289	-0.0276392	-0.219504	
-0.153691	-0.270975	-0.135835	
-0.153673	-0.191843	-0.214844	
-0.152911	-0.283705	-0.127398	
-0.152899	-0.190667	-0.216762	
-0.152453	-0.27315	-0.134821	
-0.152392	-0.192945	-0.214976	
-0.151575	-0.193966	-0.214739	
-0.277344	-0.221247	-0.0615286	
-0.16261	-0.29909	-0.09825	
-0.151467	-0.194805	-0.214017	
-0.177498	-0.187444	-0.19671	
-0.151028	-0.20742	-0.20191	
-0.150976	-0.162904	-0.24591	
-0.150964	-0.163853	-0.244975	
-0.150948	-0.165341	-0.244373	
-0.29434	-0.206043	-0.0604121	
-0.15091	-0.350273	-0.0583232	
-0.150659	-0.260751	-0.148997	
-0.544173	-0.00520783	-0.00958251	
-0.366913	-0.138109	-0.0540636	
-0.150629	-0.273438	-0.136428	
-0.335993	-0.217467	-0.00670854	
-0.150487	-0.11573	-0.29442	
-0.150295	-0.336945	-0.0724354	
-0.347984	-0.157808	-0.0562679	
-0.292505	-0.319117	-0.000111217	
-0.207782	-0.350829	-0.000601809	
-0.150127	-0.410539	-0	
-0.301141	-0.023031	-0.235671	
-0.150119	-0.410561	-0	
-0.150088	-0.16485	-0.245698	
-0.317338	-0.100211	-0.141784	
-0.149977	-0.274605	-0.13587	
-0.332229	-0.0364222	-0.190655	
-0.149909	-0.26946	-0.140333	
-0.45391	-0.0380118	-0.0685719	
-0.328235	-0.173746	-0.0576522	
-0.0927432	-0.1915	-0.276051	
-0.0640982	-0.0813018	-0.415425	
-0.0618609	-0.11188	-0.390109	
-0.0617535	-0.0917418	-0.407119	
-0.340191	-0.150098	-0.0708739	
-0.0617427	-0.15995	-0.338272	
-0.0613908	-0.145437	-0.353041	
-0.0613318	-0.387607	-0.113123	
-0.287375	-0.149952	-0.123481	
-0.241937	-0.248829	-0.0700846	
-0.232064	-0.257391	-0.0712111	
-0.150468	-0.115443	-0.294728	
-0.0805319	-0.353466	-0.127241	
-0.247028	-0.179129	-0.13342	
-0.00964649	-0.41973	-0.130996	
-0.37972	-0.117636	-0.0621022	
-0.244783	-0.169769	-0.144893	
-0.0595822	-0.171363	-0.328465	
-0.00375404	-0.0467694	-0.50941	
-0.00940936	-0.609347	-0.0131119	
-0.169431	-0.270084	-0.130019	
-0.070679	-0.0544331	-0.434854	
-0.0725283	-0.372528	-0.116531	
-0.196151	-0.267065	-0.0970798	
-0.0593928	-0.383984	-0.116035	
-0.389972	-0.11463	-0.0551826	
-0.20714	-0.221823	-0.13245	
-0.059086	-0.42242	-0.0791575	
-0.13875	-0.100263	-0.321413	
-0.0586435	-0.00514196	-0.495467	
-0.0583965	-0.161224	-0.339798	
-0.138848	-0.0997806	-0.321787	
-0.129574	-0.10707	-0.323764	
-0.277226	-0.335146	-0	
-0.205441	-0.221006	-0.135055	
-0.0577563	-0.234459	-0.26628	
-0.00600059	-0.319881	-0.233041	
-0.0956223	-0.0012181	-0.46377	
-0.0568109	-0.394815	-0.109913	
-0.0920246	-0.278334	-0.189019	
-0.139734	-0.0990552	-0.321624	
-0.343609	-0.142375	-0.0753086	
-0.0562126	-0.434088	-0.069381	
-0.454604	-0.00536812	-0.0996115	
-0.0968098	-0.190341	-0.272843	
-0.378138	-0.132387	-0.0487981	
-0.20569	-0.0903062	-0.265085	
-0.0561801	-0.431263	-0.0721238	
-0.0558722	-0.133683	-0.370368	
-0.0553207	-0.0052516	-0.498664	
-0.0641164	-0.493941	-0.0100952	
-0.0551388	-0.178367	-0.326208	
-0.505111	-0.0107074	-0.0432624	
-0.0583863	-0.00493657	-0.495937	
-0.300741	-0.195158	-0.0654314	
-0.230473	-4.39584e-05	-0.329802	
-0.0503618	-0.219847	-0.28964	
-0.0538918	-0.207963	-0.297486	
-0.288913	-0.207223	-0.0639084	
-0	-0.0832578	-0.550437	
-0.227766	-0.115412	-0.216247	
-0.0536194	-0.00307409	-0.503882	
-0.0535911	-0.433627	-0.072406	
-0.380929	-0.037929	-0.142798	
-0.228095	-0.0728559	-0.259473	
-0.111596	-0.219388	-0.228244	
-0.334761	-0.217437	-0.00769596	
-0.0535725	-0.457177	-0.048035	
-0.387354	-0.119296	-0.0530262	
-0.269098	-0.243222	-0.0473413	
-0.102647	-0.142816	-0.314164	
-0.137138	-0.23026	-0.19245	
-0.351874	-0.163623	-0.0447605	
-0.318695	-0.0352128	-0.206075	
-0.166216	-0.273782	-0.12278	
-0.00371739	-0.237708	-0.318246	
-0.0571042	-0.143896	-0.358984	
-0.262217	-0.0886089	-0.208986	
-0.207427	-0.0893654	-0.264266	
-0.166288	-0.00420099	-0.390751	
-0.00445314	-0.116579	-0.441331	
-0.280693	-0.0274177	-0.250806	
-0.0813337	-0.253349	-0.225211	
-0.394482	-0.000245998	-0.164855	
-0.228093	-0.265123	-0.0675234	
-0.150467	-0.356834	-0.0528754	
-0.0531869	-0.0899822	-0.418082	
-0.116119	-0.224303	-0.218922	
-0.0530416	-0.00274142	-0.504803	
-0.00225941	-0.0866036	-0.470081	
-0.0625904	-0.328598	-0.169187	
-0.0532375	-0.00350796	-0.502588	
-0.0524937	-0.0893736	-0.419386	
-0.00615337	-0.244888	-0.308511	
-0.0769782	-0.246682	-0.235791	
-0.435845	-0.00313968	-0.120283	
-0.200636	-0.131882	-0.227342	
-0.0521946	-0.437938	-0.069559	
-0.014238	-0.604971	-0.0163055	
-0.41069	-0.130878	-0.0178013	
-0.311828	-0.0334184	-0.215046	
-0.0515842	-0.323137	-0.184568	
-0.226051	-0.00551489	-0.328863	
-0.165038	-0.0435725	-0.352018	
-0.0403632	-0.338665	-0.181287	
-0.217838	-0.174901	-0.167373	
-0.0513901	-0.310621	-0.197276	
-0.0874254	-0.313457	-0.159855	
-0.423709	-0.0809483	-0.0543797	
-0.0513679	-0.32313	-0.184797	
-0.0731389	-0.239458	-0.247307	
-0.0507222	-0.457981	-0.051238	
-0.384472	-0.11524	-0.0618054	
-0.151976	-0.173497	-0.235148	
-0.00129914	-0.334151	-0.226427	
-0.0502778	-0.00323262	-0.50583	
-0.0500577	-0.459653	-0.0502288	
-0	-0.476532	-0.0893734	
-0.0499691	-0.00212594	-0.508596	
-25.1357	-0	-0	
-0.454176	-0.0377692	-0.0685489	
-0.175909	-0.174749	-0.210905	
-0.0498546	-0.0590864	-0.450211	
-0.0542119	-0.0906688	-0.416275	
-0.0496837	-0.186673	-0.323123	
-0.46247	-0.0333523	-0.0646587	
-0.102935	-0.29401	-0.163068	
-0.130121	-0	-0.429064	
-0.0486831	-0.510913	-0.000534066	
-0.00713376	-0.459232	-0.0925725	
-0.0582786	-0.134855	-0.366552	
-0.0483935	-0.00293824	-0.508009	
-0.103775	-0.0281309	-0.428587	
-0.322152	-0.0960869	-0.14109	
-0.255198	-0.173992	-0.130363	
-0.0517773	-0.310521	-0.196984	
-0.389113	-0.066097	-0.104491	
-0.0471978	-0.0597296	-0.452217	
-0.0470563	-0.225989	-0.286889	
-0.0469366	-0.22606	-0.286945	
-0.023209	-0.0970218	-0.439564	
-0.0468956	-0.3228	-0.189567	
-0.0468731	-0.229717	-0.283542	
-0.0403055	-0.34761	-0.173825	
-0.0809064	-0.405952	-0.0727497	
-0.0466804	-0.226119	-0.287155	
-0.225088	-0.00479916	-0.330535	
-0.18839	-0.282554	-0.0891118	
-0.046219	-0.227902	-0.285885	
-0.0454357	-0.32885	-0.18502	
-0.395612	-0.0701567	-0.09318	
-0.0109865	-0.247515	-0.301062	
-0.0559604	-0.389687	-0.113761	
-0.430084	-0.0390699	-0.0897497	
-0.0973608	-0.19617	-0.266473	
-0.0460447	-0.332783	-0.181464	
-0.0492922	-0.457888	-0.0526761	
-0.360174	-0.0766718	-0.123714	
-0.340089	-0.165887	-0.0527546	
-0.0457733	-0.0150974	-0.498458	
-0.19833	-0.269226	-0.0936664	
-0.0594544	-0.0930138	-0.408182	
-0.135646	-0.169478	-0.25574	
-0.0468741	-0.226146	-0.286923	
-0.0115519	-0.0929433	-0.455978	
-0.451502	-0.104595	-0.00329445	
-0.04506	-0.462421	-0.0520439	
-0.00383613	-0.151762	-0.40334	
-0.11367	-0.346736	-0.0997627	
-0.057843	-0.145979	-0.356162	
-0.0445745	-0.174984	-0.340769	
-0.234346	-0.252268	-0.0730113	
-0.104146	-0.286068	-0.169594	
-0.0582758	-0.0215177	-0.489678	
-0.283962	-0.251141	-0.0261307	
-0.0219127	-0.252029	-0.285489	
-0	-0.349776	-0.218113	
-0.0445241	-0.495752	-0.0216732	
-0.0445157	-0.494375	-0.0230363	
-0.0444469	-0.248881	-0.267177	
-0.505261	-0.0461391	-0.0075015	
-0.132666	-0.0565059	-0.371985	
-0.0618589	-0.300327	-0.197106	
-0	-0.215642	-0.354987	
-0.0430598	-0.276871	-0.240103	
-0.0618705	-0.497069	-0.00963667	
-0.0866399	-0.280982	-0.191757	
-0.03867	-0.0464795	-0.474458	
-0.00973256	-0.199242	-0.351275	
-0.0820648	-0.353375	-0.125401	
-0.0641864	-0.298819	-0.198679	
-0.410355	-0.101401	-0.0481629	
-0.305934	-0.139009	-0.115949	
-0.039969	-0.177226	-0.343204	
-0.248795	-0.163833	-0.147022	
-0.188526	-0.130868	-0.240571	
-0.065129	-0.0388847	-0.466101	
-0.0411303	-0.178743	-0.340491	
-0.0404573	-0.347805	-0.173451	
-0.0391727	-0.279619	-0.241254	
-256.46	-0	-0	
-0.244497	-0.288701	-0.0285766	
-0.244006	-0.312431	-0.00309502	
-0.104575	-0.0710035	-0.38465	
-0.344626	-0.139882	-0.0765183	
-0.0391532	-0.24959	-0.2724	
-0.0233007	-0.325666	-0.212622	
-0.0583482	-0.00497349	-0.495935	
-0.38893	-0.0018985	-0.16825	
-0.0390832	-0.0471351	-0.47338	
-0.0390135	-0.0466313	-0.473922	
-0.0386513	-0.00603628	-0.514178	
-0.0579293	-0.393615	-0.109983	
-0.0353887	-0.0966871	-0.427815	
-0.13508	-0.240667	-0.18418	
-0.0386228	-0.0515169	-0.471197	
-0.0385542	-0.276675	-0.243504	
-0.0385358	-0.178909	-0.342928	
-0.229731	-0.262242	-0.0687529	
-0.0541659	-0.135162	-0.370369	
-0.378663	-0.164536	-0.0167977	
-0.0695535	-0.376455	-0.115957	
-0.249815	-0.0939728	-0.21602	
-0.0385276	-0.178905	-0.342941	
-0.394847	-0	-0.164737	
-0.0648155	-0.373663	-0.12212	
-0.252368	-0.163575	-0.143832	
-0.0378245	-0.23092	-0.291268	
-0.0371549	-0.0115336	-0.510812	
-0.421544	-0.0804905	-0.0569914	
-0.249173	-0.0865767	-0.224126	
-0.006449	-0.127255	-0.428356	
-0.0498571	-0.187549	-0.322099	
-0.330925	-0.0387709	-0.189567	
-0.0465194	-0.172578	-0.341281	
-0.0362972	-0.521333	-0.00418797	
-0.0359733	-0.507909	-0.0181262	
-0.035812	-0.0975881	-0.426469	
-0.0603703	-0.251794	-0.246913	
-0	-0.507401	-0.0540399	
-0.180379	-0.0486115	-0.331361	
-0.109795	-0.0671509	-0.383225	
-0.22314	-0.165937	-0.171519	
-0.0742221	-0.0529009	-0.432826	
-0.340745	-0.148663	-0.0717114	
-0.161442	-0.30856	-0.0901083	
-0.0852393	-0.328362	-0.145919	
-0.0493956	-0.310815	-0.199053	
-0	-0.460773	-0.103062	
-0.0353047	-0.430439	-0.093243	
-0.020545	-0.413779	-0.129595	
-0.480239	-0.0314447	-0.0475762	
-0.0346445	-0.442722	-0.0822218	
-0.249794	-0.166517	-0.14334	
-0.0341325	-0.0398587	-0.486839	
-0.0822982	-0.428306	-0.0490687	
-0.164202	-0.276184	-0.129518	
-0.0341141	-0.00662885	-0.518896	
-0.27702	-0.126574	-0.157577	
-0.262514	-0.0830263	-0.214739	
-0.170095	-0.0714914	-0.318168	
-0.0506064	-0.339458	-0.170398	
-0.119838	-0.0266748	-0.41409	
-0.00753355	-0.458142	-0.0932632	
-0.388109	-0.158946	-0.0131589	
-0.265044	-0.129701	-0.166325	
-0.0340354	-0.268973	-0.258708	
-0.033991	-0.253603	-0.271368	
-0.23453	-0.276137	-0.0480513	
-0.00729391	-0.658823	-0	
-0.0329763	-0.35759	-0.169998	
-0.018147	-0.354359	-0.189929	
-0.386763	-0.117877	-0.0543811	
-0.0326699	-0.350249	-0.176844	
-0.0153275	-0.0376255	-0.50684	
-0.442603	-0.113474	-0.00324094	
-0.0961963	-0.267494	-0.19573	
-0.314165	-0.0280276	-0.218197	
-0.0408055	-0.0658662	-0.452888	
-0.182086	-0.0714556	-0.305936	
-0.0323779	-0.100822	-0.425884	
-0.287489	-0.149772	-0.123571	
-0.0877974	-0.313144	-0.159784	
-0.0536838	-0.132905	-0.373116	
-0.207007	-0.300553	-0.053272	
-0.150202	-0.410471	-0	
-0.0310261	-0.529578	-0.00125163	
-0	-0.392658	-0.167811	
-3.17345	-0	-0	
-0.295604	-0.141525	-0.123439	
-0.0441185	-0.466501	-0.0494078	
-0.429512	-0.000211035	-0.12935	
-0.148363	-0.260355	-0.151662	
-0.0309426	-0.349961	-0.178918	
-0.0021538	-0.425146	-0.135553	
-0.29647	-0.0284877	-0.234838	
-0.0290623	-0.32415	-0.210058	
-0.239268	-0.249386	-0.072081	
-0.201935	-0.266509	-0.0928136	
-0.0452991	-0.464655	-0.0490318	
-1.65916	-0	-0	
-0.0482454	-0.221594	-0.290067	
-0.140529	-0.274692	-0.144014	
-0.0285068	-0.275211	-0.258009	
-0.00138453	-0.332897	-0.227579	
-0.346424	-0.0377584	-0.17565	
-0.0281884	-0.245023	-0.286441	
-0.0279131	-0.0303153	-0.507349	
-0.0516823	-0.00256533	-0.506337	
-0.0266046	-0.28155	-0.251559	
-0.399977	-0.070301	-0.0886906	
-0.0906558	-0.462168	-0.00921426	
-0.420599	-0.0807666	-0.0576558	
-0.054182	-0.433051	-0.0723839	
-0.144612	-0.120735	-0.295318	
-0.230076	-0.108004	-0.221149	
-0.0452196	-0.461937	-0.0523661	
-0.026483	-0.287785	-0.245764	
-0.062741	-0.344289	-0.153101	
-0.0639874	-0.1838	-0.312638	
-0.2646	-0.194768	-0.101085	
-0.0241233	-0.366417	-0.170024	
-0.057391	-0.145052	-0.357523	
-0.0989584	-0.199911	-0.261054	
-0.0865979	-0.393077	-0.0797898	
-0.061038	-0.0904628	-0.409111	
-0.0473243	-0.229061	-0.283725	
-0.0334955	-0.27003	-0.258197	
-0.0122416	-0.449793	-0.0968921	
-0.00621609	-0.197229	-0.356782	
-0.0603903	-0.391783	-0.109328	
-0.104466	-0.139947	-0.315176	
-0.441964	-0	-0.117493	
-0.175693	-0.0128389	-0.372217	
-0.0570378	-0.424909	-0.0787152	
-0.415089	-0.129532	-0.0147508	
-0.0232496	-0.0977674	-0.438761	
-0.216462	-0.160125	-0.183238	
-0.130218	-0.0872149	-0.342024	
-0.0479477	-0.321583	-0.189732	
-0.247981	-0.298308	-0.0133343	
-0.0232459	-0.0971458	-0.439403	
-0.284095	-0.0277135	-0.247084	
-0.105039	-0.200579	-0.254491	
-0.147608	-0.183569	-0.229197	
-0.167702	-0.271884	-0.130122	
-0.0411319	-0.347124	-0.17348	
-0.104556	-0.0710905	-0.384583	
-0.244311	-0.300517	-0.0171161	
-0.0497893	-0.186785	-0.322906	
-0.366533	-0.00406159	-0.191919	
-0.00632078	-0.458523	-0.0940955	
-0.143516	-0.236569	-0.179864	
-0.277998	-0.0139538	-0.26777	
-0.0587881	-0.422957	-0.0789188	
-0.319895	-0.0895575	-0.149973	
-0.188666	-0.173574	-0.199673	
-0.139707	-0.274652	-0.144869	
-0.00393536	-0.384958	-0.171514	
-0.0772424	-0.369551	-0.112831	
-0.354784	-0.00925258	-0.196663	
-0.0872522	-0.278888	-0.193237	
-0.145577	-0.263631	-0.150879	
-0.0101044	-0.368312	-0.181434	
-0.41059	-0.124787	-0.0240174	
-0.346821	-0.142073	-0.0725039	
-0.280696	-0.0186495	-0.260793	
-0.00124062	-0.425554	-0.135928	
-0.227752	-0.0726718	-0.259993	
-0.029275	-0.531613	-0.00136363	
-0.318909	-0.0905365	-0.14998	
-0.045294	-0.492275	-0.0211759	
-0.00310686	-0.389513	-0.167658	
-0.0499925	-0.0594501	-0.449711	
-0.252083	-0.163854	-0.143839	
-0.0481037	-0.462928	-0.0489977	
-0.378445	-0.165712	-0.0157635	
-0.0324577	-0.322409	-0.208301	
-0.00417066	-0.0898879	-0.468369	
-0.310129	-0.137998	-0.112906	
-0.0401258	-0.342944	-0.176652	
-0.0895513	-0.324451	-0.145989	
-0.0274817	-0.288889	-0.243709	
-0.00641621	-0.371979	-0.181481	
-0.0118254	-0.0450327	-0.502058	
-0.292553	-0.0313072	-0.235559	
-0.223863	-0.164431	-0.172281	
-0.125471	-0.434623	-0.000779518	
-0.0451637	-0.175106	-0.340094	
-0.0514572	-0.00239796	-0.506732	
-0.176293	-0.196282	-0.18931	
-0.026571	-0.534973	-0.000757338	
-0.0262999	-0.290217	-0.242529	
-0.055566	-0.138983	-0.365554	
-0.0473962	-0.463305	-0.0493436	
-0.00380633	-0.152923	-0.402201	
-0.0283334	-0.294637	-0.235784	
-0.0031228	-0.183981	-0.372922	
-0.00262282	-0.16395	-0.394082	
-0.173132	-0.348971	-0.0381143	
-0.00618947	-0.245449	-0.307917	
-0.00864283	-0.369489	-0.181743	
-0.258008	-0.0897963	-0.21235	
-0.0141676	-0.0433303	-0.501414	
-0.129978	-0.0922397	-0.337295	
-0.00472986	-0.318348	-0.235841	
-0.134796	-0.155016	-0.269768	
-0.040322	-0.0484322	-0.470822	
-0.116018	-0.224206	-0.219115	
-0.049122	-0.461492	-0.0493566	
-0.047812	-0.463403	-0.0487478	
-0.0541008	-0.0118473	-0.49282	
-0.0048998	-0.602729	-0.0332356	
-0.101493	-0.378324	-0.0796705	
-0.0426553	-0.249712	-0.268135	
-0.137556	-0.230259	-0.192029	
-0.233801	-4.58873e-05	-0.32657	
-0.00355169	-0.0856267	-0.473328	
-0.0609784	-0.0905428	-0.40909	
-0	-0.426583	-0.135927	
-0.246677	-0.156724	-0.157334	
-0.00355011	-0.460334	-0.0950495	
-0.0167963	-0.419622	-0.12759	
-0.0579268	-0.381735	-0.11972	
-0.111715	-0.214012	-0.233549	
-0.0312839	-0.351281	-0.17721	
-0.296363	-0.242508	-0.0226568	
-0.166666	-0.117812	-0.276194	
-0.00430575	-0.0500459	-0.505563	
-0.0496546	-0.310425	-0.19918	
-0.138951	-0.0998422	-0.32162	
-0.345679	-0.140097	-0.0751967	
-0.268794	-0.244671	-0.0462242	
-0.0207336	-0.570619	-0.0383636	
-0.00332456	-0.469504	-0.0947317	
-0.420855	-0.0393472	-0.098711	
-0.061855	-0.159551	-0.337956	
-0.243553	-0.288733	-0.0294699	
-0.193643	-0.279105	-0.0872941	
-0.0846856	-0.431024	-0.0439922	
-0.0537635	-0.133146	-0.372792	
-0.0934524	-0.136224	-0.329815	
-0.0545606	-0.302222	-0.202508	
-0.0798823	-0.464957	-0.0151691	
-0.00759231	-0.458321	-0.0930224	
-0.461416	-0.032863	-0.0661573	
-0.176989	-0.324283	-0.0613114	
-0.151613	-0.193933	-0.214733	
-0.00595643	-0.183935	-0.370086	
-0.00740539	-0.054368	-0.4975	
-0.0033128	-0.0188955	-0.537432	
-0.00379085	-0.151429	-0.40372	
-0.121388	-0.0273063	-0.411874	
-0.0453844	-0.468149	-0.0460042	
-0.0387446	-0.192054	-0.328792	
-0.0792931	-0.244464	-0.235693	
-0.00275328	-0.266082	-0.296348	
-0.315699	-0.184413	-0.0627835	
-0.0607112	-0.268413	-0.23025	
-0.174296	-0.19017	-0.197591	
-0.041678	-0.467824	-0.0493178	
-0.103838	-0.286965	-0.169012	
-0.146674	-0.414107	-0.000300517	
-0.165471	-0.0439836	-0.351148	
-0.00573983	-0.159494	-0.395507	
-0.221137	-0.0755148	-0.262641	
-0.0701544	-0.0869412	-0.403737	
-0.434954	-5.44658e-05	-0.124134	
-0.423829	-0.080944	-0.0542642	
-0.0492861	-0.482739	-0.0298469	
-0.0108758	-0.247366	-0.30132	
-0.0024055	-0.149455	-0.409002	
-0.0423724	-0.277427	-0.240244	
-0.142642	-0.0922211	-0.326705	
-0.140862	-0.274345	-0.145567	
-0.00286399	-0.425832	-0.131722	
-0.0865479	-0.39317	-0.0797522	
-0.0747723	-0.174779	-0.310445	
-0.0278072	-0.530489	-0.00363768	
-0.00590807	-0.601404	-0.0325255	
-0.135907	-0.0849633	-0.338631	
-0.129066	-0.0530692	-0.378905	
-0.00218439	-0.386638	-0.171597	
-0.110665	-0.0372607	-0.411437	
-0.0599218	-0.160625	-0.339365	
-0.00989077	-0.182492	-0.367581	
-0.0898588	-0.398838	-0.0709007	
-0.00214613	-0.237978	-0.319538	
-0.0392184	-0.469282	-0.0510257	
-0.342877	-0.153476	-0.0653329	
-0.00692676	-0.383626	-0.168376	
-0.00212016	-0.471376	-0.0941406	
-0.0638353	-0.103903	-0.402328	
-0.390807	-0.0709924	-0.0971538	
-0.0171004	-0.362467	-0.180235	
-0.377144	-0.162101	-0.0207284	
-0.0386385	-0.050109	-0.472602	
-0.253943	-0.0120975	-0.293009	
-0.0379872	-0.280446	-0.241628	
-0.0843223	-0.395778	-0.0793702	
-0	-0.467867	-0.097596	
-0.00256958	-0.163731	-0.394358	
-0.415465	-0.0170725	-0.12677	
-0.0761606	-0.130106	-0.354407	
-0.0162286	-0.416404	-0.131463	
-0.116418	-0.214687	-0.228122	
-0.460868	-0	-0.0987046	
-0.146552	-0.183026	-0.230564	
-0.205409	-0.222457	-0.133631	
-0.182479	-0.0714323	-0.305563	
-0.0256651	-0.063952	-0.470015	
-0.00043926	-0.439535	-0.124563	
-0.00737716	-0.500266	-0.0535875	
-0.00650209	-0.505596	-0.0489937	
-0.0481116	-0.462799	-0.0491152	
-0.178083	-0.178029	-0.203124	
-0.0632425	-0.378384	-0.118516	
-0.111341	-0.166525	-0.282524	
-0.0552831	-0.384223	-0.11988	
-0.257436	-0.116201	-0.194711	
-0.0104213	-0.451872	-0.0966516	
-0.0586971	-0.00500415	-0.495556	
-0	-0.335177	-0.226712	
-0.390252	-0.117391	-0.0519838	
-0.336077	-0.217322	-0.00676752	
-0.000925232	-4.1171	-0	
-0.0780059	-0.0888107	-0.393919	
-0.410031	-0.124909	-0.0244472	
-0.039473	-0.0475231	-0.472587	
-0.321617	-0	-0.237581	
-0.00213175	-0.0860069	-0.470804	
-0.102468	-0.198778	-0.258863	
-0.148773	-0.167744	-0.242529	
-0.0196796	-0.00591719	-0.533795	
-0.072406	-0.479417	-0.00821407	
-0.13512	-0.0811678	-0.343247	
-0.423969	-0.0803757	-0.0547202	
-0.00603708	-0.199324	-0.354916	
-0.019476	-0.414478	-0.129975	
-0.548834	-0.00562155	-0.00534004	
-0	-0.227704	-0.340223	
-0.50638	-0.0463686	-0.00615022	
-0.00365214	-0.156158	-0.400957	
-0.0041847	-0.151906	-0.402846	
-0.127006	-0.277291	-0.156375	
-0.00504158	-0.385098	-0.168798	
-0.278729	-0.0295847	-0.250597	
-0	-0.390286	-0.170941	
-0.0853014	-0.245682	-0.22828	
-0	-0.1865	-0.373619	
-0.00780359	-0.411037	-0.141419	
-0.0416351	-0.0144822	-0.502685	
-0.00924303	-0.179054	-0.371729	
-0.00440927	-0.507255	-0.0494742	
-0.49032	-0.0666149	-0.00242444	
-0.310253	-0.139438	-0.111537	
-0.126825	-0.346093	-0.0871094	
-0.00189559	-0.425289	-0.135935	
-0.0886927	-0.328259	-0.142391	
-0.416529	-0.123568	-0.0197555	
-0.144737	-0.183657	-0.231785	
-0.029866	-0.530575	-0.00179395	
-0.345955	-0.150711	-0.064904	
-0.0388336	-0.179133	-0.342403	
-0.0760731	-0.469669	-0.0142921	
-0.113163	-0.399991	-0.0468598	
-0.00436311	-0.00673932	-0.548352	
-0.00101852	-0.0384068	-0.524805	
-0.0748728	-0.174132	-0.310984	
-0.429621	-0.0391202	-0.090161	
-0.29428	-0.217854	-0.0475952	
-0.0483862	-0.257509	-0.254217	
-0.047273	-0.463659	-0.0491125	
-0.130114	-0.390555	-0.0394524	
-0.331513	-0.210245	-0.0206632	
-0.00531543	-0.300905	-0.254747	
-0.0489261	-0.0193817	-0.491046	
-0.00465599	-0.198971	-0.356716	
-0.177877	-0.0461718	-0.336312	
-0.0509898	-0.339103	-0.170356	
-0.00281326	-0.0463934	-0.510602	
-0.00345232	-0.303834	-0.252666	
-0.318863	-0.0904949	-0.150068	
-0.0981764	-0.196362	-0.265155	
-0.41473	-0	-0.144399	
-0.0295398	-0.531091	-0.00161483	
-0.0059464	-0.15993	-0.394835	
-0.0647936	-0.49408	-0.00107077	
-0.0183854	-0.588191	-0.0331726	
-0.104466	-0.284411	-0.17097	
-0	-0.450045	-0.113361	
-0.304379	-0.18195	-0.0745946	
-0.0217166	-0.0950239	-0.443044	
-0.0880169	-0.471436	-0	
-0	-0.25098	-0.311631	
-0.0440323	-0.466486	-0.0495025	
-0	-0.387579	-0.173675	
-0.0589766	-0.14419	-0.356761	
-0.266765	-0.122988	-0.170647	
-0.0563617	-0.0639272	-0.438893	
-0.212265	-0.160675	-0.187134	
-0.136372	-0.424184	-0.000231628	
-0.337806	-0.0876106	-0.135024	
-0.00245728	-0.238461	-0.318755	
-0.301996	-0.0222089	-0.235643	
-0.101022	-0.268529	-0.189803	
-0.0118062	-0.139259	-0.409207	
-0.132738	-0.302903	-0.124048	
-0.00976369	-0.368749	-0.181337	
-0.182635	-0.0648513	-0.312	
-0.0442476	-0.496297	-0.021411	
-0.126817	-0.312502	-0.120282	
-0.31621	-0.0946117	-0.148543	
-0	-0.621256	-0.0217274	
-0.0568988	-0.426228	-0.0764061	
-0.0248477	-0.269719	-0.26727	
-0.20967	-0.225949	-0.125022	
-0	-14.6955	-0	
-0.106214	-0.326294	-0.128447	
-0.00524526	-0.319761	-0.233915	
-0.000182029	-0.0171429	-0.616215	
-62.2167	-0	-0	
-0.0553183	-0.15807	-0.346626	
-0.00183984	-0.451749	-0.108948	
-0.061311	-0.346181	-0.152748	
-0.0412151	-0.250525	-0.268765	
-0.122653	-0.192969	-0.24409	
-0.136293	-0.422498	-0.00199554	
-0.290758	-0.0819074	-0.18891	
-0.150494	-0.115385	-0.294759	
-0.0191429	-0.010128	-0.532725	
-0.0538402	-0.317847	-0.187569	
-0.0206498	-0.0824756	-0.456356	
-0	-0.305048	-0.255178	
-0.365992	-0.25082	-0	
-0.280469	-0.245398	-0.0336798	
-0.0476522	-0.462363	-0.0500245	
-0.0132224	-0.0414496	-0.504248	
-0.0175524	-0.419071	-0.127368	
-0.324571	-0.00780542	-0.227189	
-0.207135	-0.300194	-0.0534886	
-0.0529375	-0.31899	-0.187346	
-0.489066	-0.0586368	-0.0111788	
-0.248695	-0.291971	-0.0210939	
-0.00418026	-0.151898	-0.402858	
-0.0707393	-0.0545386	-0.434687	
-0.139202	-0.19712	-0.225333	
-0.147835	-0.261348	-0.151212	
-0	-0.197008	-0.363403	
-0.137504	-0.230231	-0.192107	
-0.00474707	-0.301959	-0.255168	
-0.208138	-0.232813	-0.119709	
-0.00714443	-0.37143	-0.181297	
-0.00964649	-0.41973	-0.130996	
-0.0913659	-0.237933	-0.229882	
-0.227448	-0.131627	-0.201347	
-0.0357331	-0.0971153	-0.42702	
-0.0200443	-0.00657566	-0.532715	
-0.0354054	-0.367353	-0.157633	
-0	-0.378447	-0.184724	
-0.152564	-0.408079	-0	
-0.0100375	-0.45307	-0.0958453	
-0.0217921	-0.278981	-0.260214	
-0.00707711	-0.502382	-0.0517134	
-0.00144337	-0.150976	-0.406505	
-0.206706	-0.0891337	-0.265235	
-0.00241512	-0.334108	-0.222418	
-0.227728	-0.3146	-0.0219979	
-0.180083	-0.257798	-0.132448	
-0.082465	-0.430196	-0.0471175	
-0.414596	-0.190238	-0.00519497	
-0.305111	-0.238708	-0.0161963	
-0.0825761	-0.329075	-0.147845	
-0.0915239	-0.158354	-0.312774	
-0	-0.522248	-0.03894	
-0.00227776	-0.238189	-0.319196	
-0.000259895	-0.182366	-0.377356	
-0.0647484	-0.0687616	-0.425715	
-0.165814	-0.302667	-0.0913486	
-0.00248911	-0.237602	-0.319593	
-0.00966792	-0.419707	-0.130997	
-0.211795	-0.00795753	-0.340868	
-0.141176	-0.111192	-0.308413	
-0.023032	-0.252294	-0.28411	
-0.370121	-0.121183	-0.068118	
-0.0132569	-0.412807	-0.134301	
-0.148384	-0.359066	-0.052251	
-0	-0.336786	-0.225059	
-0.209004	-0.00336005	-0.348275	
-0.054098	-0.0118461	-0.492824	
-0.0077968	-0.152506	-0.400516	
-0.000136312	-0.0790012	-0.710333	
-0.000265525	-0.305326	-0.25452	
-0.0411721	-0.338703	-0.179796	
-0.0721015	-0.051042	-0.436354	
-0.0330118	-0.273668	-0.254997	
-0.0401992	-0.348829	-0.172618	
-0.0347042	-0.269086	-0.257919	
-0.0189543	-0.176262	-0.365945	
-0.101063	-0.290753	-0.168018	
-0.00565984	-0.506465	-0.0489915	
-0.000339907	-0.000146908	-0.562714	
-0.0425901	-0.232299	-0.285358	
-0.0884955	-0.376182	-0.0949113	
-0.00435435	-0.0088296	-0.546302	
-0.0659534	-0.0691111	-0.424115	
-0.275988	-0.221837	-0.0622882	
-0.040845	-0.249876	-0.269609	
-0.420745	-0.045369	-0.0928054	
-0.10537	-0.139539	-0.314602	
-0.402169	-0.00490004	-0.152482	
-0.00057839	-0.47337	-0.0937701	
-0.0974492	-0.15404	-0.307464	
-0.00206368	-0.00431756	-0.553576	
-0	-0.473183	-0.0944972	
-0.179753	-0.17336	-0.208383	
-0.0012469	-0.425702	-0.135694	
-0.0574402	-0.14566	-0.356862	
-0.34486	-0.139551	-0.0766071	
-0.287069	-0.208742	-0.0642348	
-0.0932323	-0.065754	-0.401713	
-0.347485	-0.0370571	-0.175291	
-0.104058	-0.0448696	-0.412124	
-0.190408	-0.134471	-0.235112	
-0.162827	-0.253251	-0.14292	
-0.0593858	-0.392546	-0.109564	
-0.0981218	-0.241427	-0.219194	
-0.00198227	-0.606391	-0.0316437	
-0.310147	-0.139543	-0.111522	
-0.0573823	-0.453578	-0.0477615	
-0.360577	-0.0503897	-0.149338	
-0.129304	-0.0896231	-0.340519	
-0.424381	-0.00987479	-0.125046	
-0.0475841	-0.00971491	-0.501544	
-0.31811	-0.22945	-0.0125135	
-0.0943921	-0.174504	-0.295524	
-7.48078e-05	-0.250974	-0.311547	
-0.0827986	-0.319524	-0.157014	
-0.266873	-0.244562	-0.048226	
-0.0206446	-0.0761224	-0.462565	
-0.21084	-0.0883671	-0.261826	
-0.0334149	-0.091737	-0.434647	
-0.00292301	-0.0468386	-0.510047	
-0.433543	-0.038355	-0.0870756	
-0.0408528	-0.249867	-0.269611	
-0.011492	-0.0499201	-0.498877	
-0.143463	-0.366878	-0.0493766	
-0.0164565	-0.443963	-0.103747	
-0.0552915	-0.38423	-0.119864	
-0.0798826	-0.0575578	-0.424627	
-0.00139848	-0.399199	-0.16009	
-0.00412828	-0.384344	-0.171924	
-0.000581031	-0.100627	-0.459615	
-0.109412	-0.360549	-0.0902158	
-0	-1.61245	-0.0101251	
-0.141662	-0.308938	-0.109488	
-0	-0.215425	-0.355426	
-0.0741843	-0.260075	-0.225117	
-0.126965	-0.346004	-0.0870627	
-0.00721523	-0.411701	-0.141362	
-0.105025	-0.20087	-0.254217	
-0.122436	-0.331878	-0.106396	
-0.457041	-0.0336709	-0.0708408	
-0.389402	-0.121392	-0.048865	
-0.0053475	-0.118665	-0.43864	
-0.318907	-0.134776	-0.107337	
-0.0190575	-0.00330505	-0.537251	
-0.293318	-0.081958	-0.184647	
-0.00546382	-0.183298	-0.371227	
-0.117907	-0.403127	-0.039181	
-0.00549292	-0.334754	-0.220188	
-0.113434	-0.0258406	-0.421328	
-0.00577456	-0.159823	-0.395138	
-0.136803	-0.094076	-0.330399	
-0.122938	-0.30294	-0.133657	
-0.498556	-0.0584034	-0.00240871	
-0.181077	-0.189079	-0.191519	
-0.00375404	-0.0467694	-0.50941	
-0.300903	-0.244479	-0.0171634	
-0.117411	-0.39991	-0.0428385	
-0.11755	-0.341534	-0.101135	
-0.00580184	-0.340148	-0.213739	
-0.00601542	-0.459485	-0.093438	
-0.355552	-0.0455601	-0.159297	
-0.336485	-0.0797108	-0.153549	
-0.0325798	-0.100967	-0.425534	
-0.141692	-0.11483	-0.304273	
-0.041642	-0.331971	-0.185692	
-0.0399081	-0.0529134	-0.468486	
-0.3017	-0	-0.257439	
-0	-0.32098	-0.23794	
-0	-0.631988	-0.018398	
-0.382061	-0.112752	-0.0646394	
-0.277166	-0.126702	-0.157292	
-0.263038	-0.00114948	-0.294841	
-0.0424309	-0.436189	-0.0810107	
-0.0408191	-2.34579e-05	-4.35252	
-0.125999	-0.332215	-0.101636	
-0.0545922	-0.133391	-0.371974	
-0.0513911	-0.311645	-0.196255	
-0.00888601	-0.369607	-0.181366	
-0.0121843	-0.236067	-0.31128	
-0.364687	-0.0541153	-0.140772	
-0.00603317	-0.426177	-0.128146	
-0.0292849	-0.286688	-0.244067	
-0.0834766	-0.271532	-0.205135	
-0.09025	-0.268986	-0.199521	
-0.36184	-0.0565383	-0.141132	
-0.150843	-0.20883	-0.200604	
-0.0196679	-0.00643298	-0.533237	
-0.00965497	-0.419719	-0.130998	
-0.195692	-0.136687	-0.228248	
-0.0910431	-0.247117	-0.221177	
-0.00402553	-0.237208	-0.318442	
-0.00660983	-0.183389	-0.370299	
-77.6953	-0	-0	
-0.0624427	-0.328729	-0.169201	
-0.0114421	-0.377674	-0.169804	
-0.00664978	-0.425131	-0.128591	
-0.0929629	-0.143925	-0.322791	
-0.00692219	-0.0512329	-0.500964	
-0.0826973	-0.319964	-0.156681	
-0.340051	-0.161934	-0.0599177	
-0.00464363	-0.317945	-0.236335	
-0.0870911	-0.280913	-0.19137	
-0.347502	-0.0370579	-0.175272	
-0.331613	-0.0925914	-0.136563	
-0.3206	-0	-0.238571	
-0.00716813	-0.160737	-0.392785	
-0.0131455	-0.468014	-0.0794998	
-0.0205751	-0.489685	-0.049425	
-0.0774733	-0.193683	-0.288301	
-0.129327	-0.0914847	-0.338638	
-0.0852355	-0.328303	-0.145982	
-0.00723661	-0.411684	-0.141357	
-0.0208264	-0.46308	-0.0756814	
-0.270061	-0.19378	-0.0963246	
-0.0353163	-0.520241	-0.00636746	
-0.0969434	-0.1906	-0.272454	
-0.00408908	-0.181592	-0.374323	
-0.00769047	-0.448587	-0.107535	
-0.0599037	-0.146392	-0.353668	
-0.0513989	-0.00239738	-0.506791	
-0.325819	-0.175753	-0.0580312	
-0.0589197	-0.1444	-0.356622	
-0.0569345	-0.452715	-0.0490684	
-0.0856881	-0.138657	-0.335194	
-0.509393	-0.0106141	-0.0392874	
-0.0077409	-0.411218	-0.141302	
-0.102329	-0.240535	-0.215872	
-0.266464	-0.245139	-0.0480605	
-0.0438522	-0.493355	-0.0246935	
-0.0013611	-0.472156	-0.0941512	
-0.104796	-0.292897	-0.162236	
-0.222326	-0.0752474	-0.261697	
-0.139983	-0.15414	-0.265558	
-0.0427577	-0.469696	-0.0482351	
-0.0706269	-0.175918	-0.313008	
-0.104432	-0.293483	-0.16202	
-0.00953751	-0.044295	-0.506503	
-0.262525	-0.201472	-0.0961304	
-0.255086	-0.0181284	-0.285848	
-0.00959384	-0.0839008	-0.466975	
-0.172836	-0.17711	-0.211646	
-0.0352296	-0.0960314	-0.42866	
-0.11315	-0.340197	-0.106853	
-0.00487336	-0.615387	-0.0156213	
-0.258155	-0.0849172	-0.216808	
-0.186915	-0.297351	-0.0771199	
-0.178259	-0.292926	-0.0902783	
-0.00210234	-0.0856439	-0.471197	
-0.0745848	-0.0409473	-0.445197	
-0.104689	-0.0698313	-0.385793	
-0.0993871	-0.198366	-0.262184	
-0.510748	-0.00376367	-0.0445651	
-0.140283	-0.27478	-0.144172	
-0.152782	-0.362703	-0.0442282	
-0.0762472	-0.283345	-0.19932	
-0.103974	-0.295553	-0.160296	
-0.30003	-0.289487	-0.0105209	
-0.297184	-0.24039	-0.025862	
-0.0292379	-0.286844	-0.24396	
-0.0108271	-0.0904782	-0.459172	
-0.0800561	-0.184171	-0.295204	
-0.108011	-0.22026	-0.231598	
-0.26306	-0.00110909	-0.29486	
-0.00191162	-0.425015	-0.136169	
-0.397284	-0.00955746	-0.15272	
-0.339686	-0.203045	-0.0274819	
-0.206483	-0.214809	-0.14003	
-0.0658283	-0.240618	-0.253479	
-0.152775	-0.407845	-0	
-0.11475	-0.31962	-0.125246	
-0	-0.0838732	-0.549436	
-0.0109422	-0.0902356	-0.459292	
-0.0398569	-0.278805	-0.241384	
-0.010973	-0.0903543	-0.459142	
-0.432508	-0.00020712	-0.126469	
-0.22425	-0.0783571	-0.257702	
-0.000103899	-0.00608609	-4.34558	
-0.00225419	-0.183798	-0.373981	
-0.348466	-0.16033	-0.0508355	
-0.063729	-0.235957	-0.258935	
-0.0558295	-0.431237	-0.0724986	
-0.13473	-0.155201	-0.269641	
-0.0187783	-0.5938	-0.0272465	
-0.0726132	-0.185649	-0.301283	
-0.0131124	-0.00889489	-0.537285	
-0.145549	-0.118739	-0.296332	
-0.0120254	-0.247702	-0.29984	
-0.386804	-0.073028	-0.0991171	
-0.0120646	-0.0454333	-0.501414	
-0.387956	-0.0717774	-0.0992153	
-0.0529044	-0.482459	-0.0246622	
-0.132345	-0	-0.426838	
-0.0810895	-0.401628	-0.0768138	
-0.047812	-0.463403	-0.0487478	
-0.00715801	-0.45489	-0.0968992	
-0.139222	-0.227832	-0.192802	
-0.136613	-0.0842536	-0.338642	
-0.0120906	-0.339381	-0.207798	
-0.105446	-0.0699577	-0.384906	
-0.0524939	-0.437487	-0.0696952	
-0.203517	-0.29846	-0.0588247	
-0.0688447	-0.0801183	-0.41183	
-0.0170098	-0.589856	-0.0328993	
-0.361734	-0.0566943	-0.14108	
-0.104758	-0.292973	-0.162199	
-0.0184839	-0.416542	-0.12904	
-0.0178663	-0.353372	-0.19127	
-0.073829	-0.236807	-0.249268	
-0.0196516	-0.329691	-0.212304	
-0.416041	-0.0168698	-0.1264	
-0.11287	-0.346754	-0.100653	
-0.0205312	-0.00677179	-0.532025	
-0.0626224	-0.34467	-0.152743	
-0.107146	-0.32909	-0.12446	
-0.195371	-0.263422	-0.101749	
-0.0103535	-0.089256	-0.460867	
-0.0405392	-0.338251	-0.181523	
-0.289564	-0.322161	-0	
-0.0206733	-0.254219	-0.284709	
-0.0462815	-0.174178	-0.339877	
-0.0498034	-0.0644279	-0.444897	
-0.0867514	-0.393535	-0.0791913	
-0.226645	-0.241159	-0.0945214	
-0.11882	-0.316181	-0.124595	
-0.0208135	-0.413439	-0.129642	
-0.276138	-0.0223973	-0.261514	
-0.223894	-0.0368516	-0.297958	
-0.120974	-0.283253	-0.15648	
-0.128224	-0.276118	-0.156307	
-0.147034	-0.27781	-0.135742	
-0.0617709	-0.499076	-0.00752804	
-0.065805	-0.492012	-0.0021283	
-0.0251011	-0.258689	-0.274924	
-0.065839	-0.227954	-0.264851	
-0.315765	-0.106542	-0.137014	
-0.0659455	-0.230499	-0.262198	
-0.0659667	-0.230512	-0.262163	
-0.516275	-0	-0.0428342	
-0.189755	-0.101708	-0.270488	
-0.0662039	-0.230361	-0.26209	
-0.110874	-0.0373585	-0.411128	
-0.16653	-0.0476571	-0.346399	
-0.0665562	-0.230872	-0.26123	
-0.430842	-0.0383183	-0.0897448	
-0.146765	-0.189482	-0.224056	
-0.0670612	-0.235583	-0.257193	
-0.259213	-0.0898378	-0.211076	
-0.114868	-0.466586	-0.00752172	
-0.0676894	-0.230446	-0.260528	
-49.9358	-0	-0	
-0.0681712	-0.171151	-0.320161	
-0.067726	-0.0581898	-0.434742	
-0.0712813	-0.0540389	-0.43464	
-0.144335	-0.172087	-0.242292	
-0.405856	-0	-0.153692	
-0.0677685	-0.265552	-0.228391	
-0.315672	-0.0988233	-0.144857	
-0.111592	-0.214299	-0.233382	
-0.136821	-0.100043	-0.323701	
-0.0683095	-0.0157929	-0.474727	
-0.00863573	-0.611391	-0.0124329	
-0.00637401	-0.116663	-0.439326	
-0.0693106	-0.485928	-0.00470865	
-0.511152	-0.0075224	-0.0406763	
-0.368882	-0.245828	-0	
-0.320086	-0.101545	-0.137701	
-0.109245	-0.166448	-0.284698	
-0.0695266	-0.266609	-0.226355	
-0.0699462	-0.265714	-0.226639	
-0.242443	-0.166925	-0.15026	
-0.084921	-0.42911	-0.04564	
-0.461097	-0.0329764	-0.066461	
-0.288227	-0.206355	-0.0654636	
-0.00371998	-0.329908	-0.225303	
-0.0701395	-0.0870983	-0.403574	
-0.0245791	-0.53737	-0	
-0.0703014	-0.0540689	-0.435574	
-0.0705418	-0.0545171	-0.434885	
-0.426173	-0.0795036	-0.0533819	
-0	-0.387704	-0.173206	
-0.142122	-0.118037	-0.300649	
-0.374045	-0.163797	-0.0220961	
-0.0438398	-0.49674	-0.0213912	
-0.00455458	-0.181409	-0.374037	
-0.113936	-0.346348	-0.0999043	
-0.0707726	-0.381121	-0.109464	
-0.0710009	-0.476215	-0.0128654	
-0.442328	-0	-0.117112	
-0.0717327	-0.176185	-0.311952	
-0.0718725	-0.372584	-0.117387	
-0.072277	-0.379323	-0.109775	
-0.111318	-0.214875	-0.23308	
-0.0724927	-0.252336	-0.234983	
-0.0728776	-0.255079	-0.231329	
-0.297045	-0.201824	-0.0634277	
-0.145169	-0.415348	-0.00053296	
-0.385016	-0.111315	-0.0649194	
-0.0747826	-0.174776	-0.310437	
-0.0735328	-0.0513066	-0.435187	
-0.114387	-0.345904	-0.0998932	
-0.0736328	-0.0514756	-0.434916	
-0.251296	-0.281981	-0.0286957	
-0.0912376	-0.279774	-0.188366	
-0.347329	-0.034243	-0.178242	
-0.0736986	-0.185659	-0.300184	
-0.0748354	-0.237105	-0.247964	
-0.0749513	-0.175341	-0.3097	
-0.0752916	-0.236209	-0.248405	
-0.374048	-0.0569732	-0.130181	
-0.34503	-0.161988	-0.0550241	
-0.0754191	-0.186574	-0.297518	
-0.0829143	-0.257071	-0.219348	
-0.143543	-0.273296	-0.142392	
-0.0755312	-0.236276	-0.248102	
-0.0756065	-0.37512	-0.108129	
-0.075641	-0.23635	-0.247913	
-0.0759029	-0.470753	-0.0133828	
-0.0759762	-0.175427	-0.30837	
-0.195409	-0.00580904	-0.359502	
-0.143667	-0.124572	-0.292421	
-0.0670926	-0.0570989	-0.436464	
-0.00501519	-0.412718	-0.142537	
-0.0763472	-0.469179	-0.0145073	
-0.262296	-0.0015153	-0.295223	
-0.0767697	-0.468401	-0.0148594	
-0.375661	-0.110008	-0.0755199	
-0	-0	-16.1396	
-0.0774303	-0.0582063	-0.426285	
-0.00480418	-0.330008	-0.22412	
-0.0781568	-0.0887279	-0.393852	
-0.100032	-0.00115268	-0.459284	
-0.00657788	-0.048298	-0.504413	
-0.0782387	-0.18261	-0.298638	
-0.0116491	-0.495555	-0.0549094	
-0.115684	-0.39666	-0.0476286	
-0.114114	-0.346002	-0.100132	
-0.0782953	-0.18253	-0.298661	
-0.140717	-0.239327	-0.179897	
-0.0663418	-5.27892e-05	-1.58871	
-0.0827082	-0.319979	-0.156654	
-0.0614202	-0.500025	-0.00670065	
-0.0783303	-0.334475	-0.147202	
-0.00624176	-0.123255	-0.433019	
-0.104196	-0.0682788	-0.387745	
-0.335479	-0.217545	-0.00688042	
-0.0177927	-0.364018	-0.177096	
-0.126975	-0.345954	-0.0871179	
-0.0786997	-0.246325	-0.234425	
-0.0834578	-0.433068	-0.043217	
-0.078731	-0.408374	-0.0725468	
-0.416828	-0	-0.142287	
-0.0789524	-0.36585	-0.116072	
-0.451909	-0.104219	-0.00326338	
-0.306715	-0.294621	-0.00220904	
-0.268077	-0.0186567	-0.272936	
-0.0791835	-0.254149	-0.226552	
-0.079188	-0.244808	-0.235455	
-0.0769704	-0.246627	-0.235854	
-0.0981391	-0.298849	-0.162885	
-0.16365	-0.0980394	-0.300542	
-0.0799531	-0.436579	-0.0432941	
-0.116928	-0	-0.44225	
-0.0801403	-0.364241	-0.116518	
-0.0385425	-0.0459989	-0.475047	
-0.0802282	-0.435786	-0.0438101	
-0.394447	-0.0347671	-0.131077	
-0.00475267	-0.17176	-0.389513	
-0.0804144	-0.406947	-0.0722597	
-0.0808703	-0.406841	-0.0719265	
-0.0812567	-0.2593	-0.21871	
-0.456673	-0.0377754	-0.066186	
-0.100784	-0.0816222	-0.37818	
-0.0814499	-0.181011	-0.296935	
-0.0821007	-0.432782	-0.0449195	
-0.142899	-0.092288	-0.326387	
-0.0823141	-0.428283	-0.0490747	
-0.0825817	-0.431668	-0.0455457	
-0.313401	-0.138794	-0.108962	
-0.165735	-0.297731	-0.0963265	
-0.0483022	-0.226242	-0.28532	
-0.0826149	-0.053662	-0.425811	
-0.082685	-0.329221	-0.147593	
-0.0422674	-0.247803	-0.270422	
-0.0827367	-0.404487	-0.0723816	
-0.441666	-0	-0.117788	
-0.433395	-0.0384791	-0.0870984	
-0.0828613	-0.319591	-0.156886	
-0.00493495	-0.318232	-0.235753	
-0.112941	-0.0234724	-0.424198	
-0.0836406	-0.334357	-0.142565	
-0.18473	-0.360696	-0.0276999	
-0.0838839	-0.271169	-0.205083	
-0.210084	-0.0840191	-0.267009	
-0.0973674	-0.193114	-0.269582	
-0.386859	-0.0729721	-0.0991179	
-0.0843209	-0.395743	-0.0794065	
-0.115447	-0.3462	-0.0986001	
-0.417827	-0.0469671	-0.0941181	
-0.0845434	-0.395578	-0.0793493	
-0.023948	-0.364772	-0.171827	
-0.102633	-0.136689	-0.320161	
-0.462956	-0	-0.0966556	
-0.0847232	-0.269802	-0.205701	
-0.249781	-0.166581	-0.143288	
-0.0848308	-0.329755	-0.144931	
-0.0848599	-0.430829	-0.0440117	
-0.363352	-0.181063	-0.0154764	
-0.204308	-0.297071	-0.059363	
-0.0848991	-0.430757	-0.0440443	
-0.288333	-0.213163	-0.0590654	
-0.0904265	-0.453953	-0.0155472	
-0.084986	-0.393156	-0.0813106	
-0.0852649	-0.474153	-0.00045152	
-0.0202615	-0.00011547	-3.59705	
-0.105104	-0.291311	-0.163452	
-0.00411526	-0.384604	-0.171689	
-0.0852789	-0.389046	-0.0851399	
-0.0866897	-0.280776	-0.191912	
-0.0852918	-0.424444	-0.0499001	
-0.0853329	-0.244969	-0.228959	
-0.08535	-0.43184	-0.0425388	
-0.0854417	-0.431737	-0.0425496	
-0.440665	-0	-0.118737	
-0.0577446	-0.393934	-0.109841	
-0.0855462	-0.329983	-0.143996	
-0.0859819	-0.393563	-0.0799145	
-0.107883	-0.0293373	-0.423257	
-0.14625	-0.16498	-0.249396	
-0.0861537	-0.265096	-0.208864	
-0.0204222	-0.571551	-0.0380525	
-0.0863192	-0.26438	-0.209369	
-0.399081	-0.148767	-0.0114301	
-0.0484383	-0.223427	-0.28802	
-0.00977214	-0.180956	-0.369266	
-0.0864137	-0.430096	-0.0432988	
-0.293013	-0.0819907	-0.18492	
-0.0871593	-0.280414	-0.191807	
-0.0875111	-0.278182	-0.19369	
-0.20714	-0.221823	-0.132451	
-0.128695	-0.349816	-0.0815353	
-0.0881147	-0.221879	-0.249906	
-0.290938	-0.0807733	-0.188149	
-0.0992277	-0.0782518	-0.383164	
-0.0883107	-0.109072	-0.36505	
-0.0888206	-0.243817	-0.226634	
-0.0888261	-0.278412	-0.191632	
-0.0888381	-0.312215	-0.159836	
-0.411304	-0.101116	-0.0475093	
-0.272594	-0.192756	-0.09424	
-0.117384	-0.344447	-0.0984174	
-0.0889538	-0.27886	-0.191052	
-0	-0.474096	-0.0936403	
-0.0890087	-0.312307	-0.159511	
-0.246856	-0.294788	-0.0179284	
-0.0892539	-0.138353	-0.331939	
-0.0896917	-0.375599	-0.0942707	
-0.0898871	-0.266225	-0.203124	
-0.196587	-0.363945	-0.000254983	
-0.0902141	-0.374601	-0.0947439	
-0.0902482	-0.277861	-0.190755	
-0.367946	-0.054995	-0.138887	
-0.0903739	-0.398177	-0.0710273	
-0.125955	-0.280967	-0.153603	
-0.0999649	-0.3367	-0.124288	
-0.090584	-0.268715	-0.199442	
-0.353549	-0.0464474	-0.160394	
-0.107614	-0.0720183	-0.380512	
-0.3481	-0.0368392	-0.174898	
-0.346473	-0.0372014	-0.176168	
-0.22674	-0.115819	-0.216986	
-0.0134088	-0.265805	-0.284672	
-0.0910984	-0.344505	-0.123016	
-0.0322708	-0.102918	-0.423847	
-0.0911275	-0.146836	-0.321596	
-0.0912332	-0.279783	-0.188361	
-0.195165	-0.135485	-0.229269	
-0.120976	-0.216098	-0.222549	
-0.365408	-0.0210902	-0.174134	
-0.183692	-0.288216	-0.0895158	
-0.000286258	-0.502203	-0.0595751	
-0.0914839	-0.134905	-0.333116	
-0.0915038	-0.458837	-0.0115645	
-0.140522	-0.309544	-0.110118	
-0.0387486	-0.179012	-0.342611	
-0.0915615	-0.14558	-0.322535	
-0.00511118	-0.0103093	-0.544035	
-0.123543	-0.306653	-0.129407	
-0.0916094	-0.396793	-0.0711759	
-0.0919887	-0.460664	-0.00926732	
-0.0925066	-0.140237	-0.326964	
-0.0925272	-0.276118	-0.190745	
-0.00769272	-0.16193	-0.391064	
-0.0925369	-0.14222	-0.32492	
-0.164458	-0.363707	-0.0314178	
-0.0928867	-0.193892	-0.273176	
-0.242702	-0.31377	-0.00290998	
-0.0931887	-0.135428	-0.330873	
-0.0932631	-0.199871	-0.267169	
-0.0936443	-0.209093	-0.256788	
-0.136598	-0.229569	-0.193666	
-0.305435	-0.141322	-0.114263	
-0.14522	-0.362188	-0.0523089	
-0.0939036	-0.2485	-0.217544	
-0.113498	-0	-0.445689	
-0.0967819	-0.00140974	-0.462387	
-0.38991	-0.0664374	-0.103327	
-0.096849	-0.18617	-0.276197	
-24.1483	-0	-0	
-0.515436	-0.0010184	-0.0426718	
-0.36341	-0.00782764	-0.19127	
-0.105033	-0.200755	-0.254323	
-0.313947	-0.0959025	-0.149477	
-0.0026621	-0.0442512	-0.512434	
-0.0718938	-0.372568	-0.117382	
-0.0970939	-0.193366	-0.269602	
-0.16972	-0.065983	-0.323997	
-0.0971855	-0.0015307	-0.461858	
-0.281737	-0.245674	-0.0321566	
-0.142712	-0.1474	-0.271525	
-0.500459	-0.0587508	-0.000181037	
-0.0763582	-0.469068	-0.0146063	
-0.0969364	-0.00148185	-0.462156	
-0.097204	-0.00153914	-0.461831	
-0.0972366	-0.00157383	-0.461763	
-0.097257	-0.190602	-0.272136	
-0.279492	-0.0284289	-0.250989	
-0.0974302	-0.190503	-0.272063	
-0.00479693	-0.330009	-0.224126	
-0.0976883	-0.19643	-0.265573	
-0.0984578	-0.231354	-0.229054	
-0.106783	-0.0020775	-0.451613	
-0.0987472	-0.00187996	-0.459948	
-0.0989689	-0.0774759	-0.384199	
-0.0993865	-0.19837	-0.262181	
-0.517124	-0.00154126	-0.0404662	
-0.0994196	-0.198659	-0.261853	
-0.210421	-0.0583367	-0.291973	
-0.0995678	-0.190996	-0.269429	
-0.0997065	-0.200615	-0.259604	
-0.0997409	-0.199075	-0.261091	
-0.0571952	-0.00457818	-0.4975	
-0.0998843	-0.190248	-0.269861	
-0.413506	-0.124769	-0.021564	
-0.24891	-0.0890166	-0.221977	
-0.0999367	-0.200186	-0.259797	
-0.404483	-0	-0.155096	
-0.00567726	-0.196256	-0.358306	
-0.107561	-0.14149	-0.31042	
-0.102331	-0.119279	-0.339123	
-0.341389	-0.0319124	-0.186036	
-0.00317325	-0.237871	-0.318627	
-0.068085	-0.244224	-0.247623	
-0.143451	-0.236627	-0.179872	
-0.148758	-0.167771	-0.242517	
-0.389629	-0.0751834	-0.0941107	
-0.0429614	-0.466964	-0.0488136	
-0.100327	-0.293604	-0.165897	
-0.184693	-0.286791	-0.0885871	
-0.100412	-0.199537	-0.259979	
-0.204407	-0.366872	-0	
-0.167747	-0.00182444	-0.39024	
-0.093688	-0.393475	-0.0724038	
-0.101209	-0.0694641	-0.390156	
-0.27598	-0.117623	-0.16942	
-0.101312	-0.11777	-0.341656	
-0.182417	-0.0645067	-0.31256	
-0.103233	-0.198952	-0.257914	
-0.270055	-0.139186	-0.152752	
-0.00426175	-0.508696	-0.0481829	
-0.103504	-0.286631	-0.169675	
-0.00727633	-0.0536372	-0.49837	
-0.103659	-0.29187	-0.16453	
-0.486761	-0.0232604	-0.0491778	
-0.103686	-0.293464	-0.162859	
-0.3849	-0.115008	-0.061614	
-0.0610198	-0.0159571	-0.481841	
-0.103795	-0.0682333	-0.388192	
-0.103867	-0.286923	-0.16903	
-0.104053	-0.13756	-0.317878	
-0.00845509	-0.620611	-0.00987271	
-0.0637971	-0.059152	-0.437669	
-0.104148	-0.286068	-0.169593	
-0.208476	-0.169965	-0.18155	
-0.104223	-0.356255	-0.099718	
-0.0969448	-0.190345	-0.272704	
-0.104333	-0.143157	-0.312154	
-0.104542	-0.284651	-0.170653	
-0.104702	-0.294922	-0.160197	
-0.500132	-0.0592554	-0	
-0.168711	-0.0718244	-0.319238	
-0.0257565	-0.493229	-0.040591	
-0.105095	-0.201426	-0.253597	
-0.105102	-0.201187	-0.253828	
-0.105171	-0.0833127	-0.372015	
-0.105223	-0.138377	-0.315906	
-0.389497	-0.118147	-0.0520449	
-0.14084	-0.197224	-0.223691	
-0.10528	-0.136383	-0.317802	
-0.105482	-0.0688978	-0.385795	
-0.26244	-0.19917	-0.0985199	
-0.144279	-0.119429	-0.297006	
-0.196826	-0.085362	-0.280819	
-0.105515	-0.140181	-0.313808	
-0.105693	-0.224344	-0.229182	
-0.00337854	-0.295785	-0.261863	
-0.105989	-0.0831405	-0.371339	
-0.311249	-0.138133	-0.111616	
-0.106077	-0.223444	-0.229705	
-0.106181	-0.228294	-0.224771	
-0.435766	-0	-0.12336	
-0.0506123	-0.311924	-0.196749	
-0.106212	-0.312117	-0.151442	
-0.433311	-0.0016999	-0.124161	
-0.113632	-0.182256	-0.26404	
-0.106238	-0.0206828	-0.432014	
-0.375123	-0.05066	-0.135484	
-0.0118175	-0.492031	-0.0571613	
-0.131297	-0.317544	-0.110908	
-0.106285	-0.227637	-0.225322	
-0.421222	-0.0451401	-0.0925583	
-0.106722	-0.221695	-0.231083	
-0.103695	-0.0700699	-0.386451	
-0.107069	-0.222462	-0.230041	
-0.00520081	-0.424079	-0.131133	
-0.0496017	-0.188838	-0.321204	
-0.107146	-0.225165	-0.226918	
-0.198119	-0.0962576	-0.266459	
-0.0529627	-0.319775	-0.186527	
-0.121923	-0.398244	-0.0400111	
-0.137847	-0.102697	-0.319858	
-0.0212883	-0.00185804	-0.537464	
-0.13357	-0.308764	-0.117374	
-0.108026	-0.219852	-0.232038	
-0.108039	-0.220165	-0.231686	
-0.433192	-0.0753296	-0.0506268	
-0.112763	-0.400352	-0.0469017	
-0.12841	-0.0911384	-0.33998	
-0.10852	-0.0469267	-0.405596	
-0.118328	-0.0740633	-0.367773	
-0.118559	-0.196867	-0.244859	
-0.160149	-0.305856	-0.0941042	
-0.137879	-0.148656	-0.273011	
-0.110016	-0.325944	-0.124712	
-0.100309	-0.267982	-0.190577	
-0.110649	-0.40545	-0.0438534	
-0.120174	-0.196015	-0.243853	
-0.265449	-0.18811	-0.106173	
-0.148007	-0.276177	-0.136305	
-0	-0.247739	-0.31686	
-0.110835	-0.166241	-0.283373	
-0.111184	-0.166073	-0.28314	
-0.428001	-0.00978646	-0.121364	
-0.111826	-0.225788	-0.221735	
-0.112208	-0.349766	-0.0982024	
-0.112364	-0.400184	-0.0474671	
-0.0197718	-0.00594543	-0.533674	
-0.113058	-0.0257256	-0.421819	
-0.113138	-0.211125	-0.235004	
-0.314389	-0.0947663	-0.152887	
-0.125846	-0.0563031	-0.381526	
-0.171097	-0.117269	-0.272281	
-0.113504	-0.346832	-0.09994	
-0.265836	-0.242097	-0.0517213	
-0.259986	-0.172758	-0.127909	
-0.11351	-0.346826	-0.0999396	
-0.443154	-0	-0.116255	
-0.113532	-0.346842	-0.0999024	
-0.113673	-0.399502	-0.0468298	
-0.131955	-0.0568982	-0.372202	
-0.0646089	-0.180985	-0.314215	
-0.113772	-0.0263618	-0.420459	
-0.484587	-0.0613581	-0.0129502	
-0.435678	-0.0695071	-0.053831	
-0.101495	-0.117973	-0.341272	
-0.132483	-0.0566203	-0.372052	
-0.114029	-0.346367	-0.0998846	
-0.114446	-0.318343	-0.12682	
-0.114915	-0.316673	-0.128151	
-0.114942	-0.0556469	-0.390424	
-0.328946	-0.171757	-0.0589151	
-0.0749233	-0.0533567	-0.432264	
-0.116951	-0.317372	-0.125276	
-0.118176	-0.315188	-0.126241	
-0.118293	-0.220842	-0.220375	
-0.331187	-0.0360564	-0.192063	
-0.120289	-0	-0.438893	
-0.118813	-0.190032	-0.251175	
-0.240637	-0.312658	-0.00931358	
-0.119951	-0.340333	-0.0998296	
-0.120482	-0.307041	-0.131949	
-0.00883218	-0.454008	-0.0961085	
-0.121397	-0.0563344	-0.384458	
-0.0168454	-0.416262	-0.130876	
-0.121656	-0.303711	-0.134105	
-0.292631	-0.0844197	-0.182919	
-0.122137	-0.192398	-0.245502	
-0.14257	-0.233514	-0.183926	
-0.0717906	-0.374669	-0.115466	
-0.123425	-0.30653	-0.129645	
-0.377965	-0.117942	-0.0654297	
-0.123481	-0.306273	-0.129844	
-0.154323	-0.282046	-0.127724	
-0.12352	-0.306293	-0.129788	
-0.384495	-0.11523	-0.0617932	
-0.123544	-0.306252	-0.129805	
-0.289124	-0.207332	-0.0636062	
-0.123679	-0.220166	-0.215396	
-0.12393	-0.0281867	-0.408423	
-0.156686	-0.396431	-0.00746779	
-0.124465	-0.436416	-0	
-0.493049	-0.0663249	-0	
-0.125361	-0.0467966	-0.389087	
-0.125913	-0.310952	-0.122706	
-0.267204	-0.184087	-0.109182	
-0.125983	-0.312381	-0.121218	
-0.150104	-0.193074	-0.217222	
-0.142066	-0.413999	-0.00468212	
-0.126457	-0.347496	-0.086094	
-0.256644	-0.21478	-0.0890226	
-0.127849	-0.191383	-0.2405	
-0.127984	-0.09057	-0.340983	
-0.128985	-0.0942426	-0.33616	
-0.134486	-0	-0.424723	
-0.129224	-0.0914695	-0.338756	
-0.224159	-0.317004	-0.0228495	
-0.130051	-0.35121	-0.0790577	
-0.131548	-0.0931257	-0.334823	
-0.117958	-0.0735165	-0.368693	
-0.13254	-0.0668884	-0.359898	
-0.00889053	-0.369397	-0.181569	
-0.13327	-0.338878	-0.0878733	
-0.201325	-0.345372	-0.0132257	
-0.13458	-0.100256	-0.325732	
-0.317484	-0.100081	-0.141763	
-0.265598	-0.0827567	-0.211897	
-0.134773	-0.244349	-0.186267	
-0.134959	-0.244527	-0.185388	
-0.210663	-0.244782	-0.105314	
-0.183728	-0.283998	-0.0936599	
-0.135431	-0.159696	-0.264588	
-0.135645	-0.169477	-0.255742	
-0.135833	-0.0802881	-0.343427	
-0.1903	-0.129923	-0.239747	
-0.135965	-0.0850077	-0.338528	
-0.30998	-0.140342	-0.110858	
-0.136023	-0.229364	-0.194446	
-0.136196	-0.228513	-0.195129	
-0.232541	-0.257003	-0.0711383	
-0.0538477	-0.433043	-0.0738386	
-0.00644307	-0.459768	-0.0927263	
-0.136356	-0.0940529	-0.330848	
-0.136654	-0.093574	-0.331062	
-0.186189	-0.354474	-0.0327945	
-0.0589841	-0.42215	-0.0795271	
-0.137325	-0.230079	-0.192445	
-0.50153	-0.0578608	-0	
-0.435002	-0.0379035	-0.0860791	
-0.138889	-0.240351	-0.180718	
-0.141349	-0	-0.417838	
-0.147566	-0.18363	-0.229179	
-0.140037	-0.153881	-0.265767	
-0.0379859	-0.279248	-0.242824	
-0.140863	-0.309231	-0.110083	
-0.298705	-0.0820819	-0.179185	
-0.149197	-0.343302	-0.0670463	
-0	-0.271173	-0.289212	
-0.141097	-0.237257	-0.181575	
-0.141253	-0.197867	-0.222642	
-0.252483	-0.181291	-0.126912	
-0.142366	-0.125987	-0.292271	
-0.142711	-0.237982	-0.179285	
-107.811	-0	-0	
-0.113743	-0.39347	-0.0526261	
-0.143176	-0.125915	-0.291535	
-0.143589	-0.125496	-0.291566	
-0.143837	-0.409856	-0.00702024	
-0.347474	-0.0370663	-0.175293	
-0.0548616	-0.133178	-0.371915	
-0.137869	-0.0982768	-0.324261	
-0.14395	-0.366658	-0.0491086	
-0.51414	-0.00412454	-0.0408604	
-0.296707	-0.0285521	-0.23453	
-0.188789	-0.302703	-0.0698939	
-0.116251	-0.224509	-0.218587	
-0.144386	-0.172165	-0.242163	
-0.25632	-0.0104699	-0.292261	
-0.144749	-0.18162	-0.234148	
-0.144974	-0.192412	-0.224414	
-0.171249	-0.21433	-0.174218	
-0.145116	-0.357225	-0.0571969	
-0.0580564	-0.00500555	-0.496196	
-0.145133	-0.279921	-0.135407	
-0.145576	-0.228557	-0.185865	
-0	-0.0783412	-0.711851	
-0.0809432	-0.407218	-0.0714816	
-0.145916	-0.280346	-0.134199	
-0.146088	-0.344328	-0.0692815	
-0.104656	-0.284308	-0.170881	
-0.146903	-0.414183	-0	
-0.1461	-0.118982	-0.295563	
-0.146203	-0.1653	-0.249113	
-0.20767	-0.0582958	-0.29476	
-0.146477	-0.414317	-0	
-0.250036	-0.165341	-0.144278	
-0.146774	-0.26583	-0.146974	
-0.375202	-0.115436	-0.0688119	
-0.342661	-0.203565	-0.0243234	
-0.105299	-0.0700213	-0.384992	
-0.146914	-0.265447	-0.14723	
-0.36335	-0.181064	-0.0154782	
-0.147399	-0.189441	-0.223454	
-0.0925076	-0.2527	-0.214804	
-0.148023	-0.115431	-0.29722	
-0.294607	-0.20577	-0.0603873	
-0.148317	-0.260866	-0.151212	
-0.148335	-0.412413	-0	
-0.148378	-0.163009	-0.249243	
-0.144103	-0.265425	-0.150076	
-0.148944	-0.340178	-0.0703762	
-0.265388	-0.19114	-0.103174	
-0.2264	-0.13267	-0.201329	
-0.113426	-0.0321963	-0.414808	
-0.149027	-0.181173	-0.230331	
-0.149315	-0.177989	-0.233372	
-0.313416	-0.136915	-0.110685	
-0.149316	-0.34182	-0.0683915	
-0.241293	-0.247939	-0.0716007	
-0.0765679	-0.0514951	-0.434077	
-0.149567	-0.411177	-0	
-0.123138	-0.303104	-0.133294	
-0.0912821	-0.169777	-0.303495	
-0.149721	-0.174108	-0.236828	
